8.64010342813888
5.63778983428581
4.98118589891743
4.12685412349331
3.85794867391033
3.67362388765578
3.00083981050155
2.73946211366555
2.63872347117643
2.41617088547112
2.31866522829275
2.07840903271503
1.95157714401625
1.88215786152125
1.77818928257605
1.72354211555511
1.61656561065254
1.56890875281176
1.47586816562101
1.46679131398326
1.45360169198468
1.40113310380239
1.36161661252902
1.29761448626066
1.28439723076667
1.23658747932674
1.22421736840065
1.1975504714589
1.18386017098892
1.15823095214851
1.14240310107131
1.11797921432919
1.10643416576617
1.08536318584349
1.07034895438895
1.05591945257437
1.03755736686036
1.02677318190794
1.01645933887369
0.992590585712859
0.985758051521084
0.975778533074712
0.973489147467674
0.959495497462555
0.942336978963392
0.936868911002515
0.933334327145763
0.916126746542049
0.910752803951112
0.892654975363217
0.887128752192062
0.885401486059591
0.873686796633955
0.868455241612039
0.863208853528244
0.858125709885571
0.849207022675361
0.839139669190305
0.823653573632769
0.822167615530427
0.811902263284534
0.809543277771563
0.8033740524541
0.792912165549779
0.788174310967825
0.7857672609566
0.781924937243436
0.773842203773452
0.767286113773179
0.762485760616235
0.7597669402529
0.753460052560247
0.752439399125325
0.747933484538663
0.746769600729574
0.742153826361181
0.73881727855708
0.731052751137366
0.728238212996738
0.723863337787991
0.722959315554471
0.719503205839547
0.711198290532862
0.710023727330436
0.703866036017458
0.703189932545704
0.700267213632341
0.696548252791379
0.690903234533762
0.689131723050728
0.682122750317772
0.678566028397076
0.671313387225948
0.66852610387378
0.665789238769573
0.662848679551974
0.65846974110074
0.652578941511637
0.651816427904109
0.649743958314245
0.645179006107599
0.642242893610279
0.640202900993572
0.634865171826201
0.63213731467882
0.629563175772986
0.622777858789411
0.621367225357463
0.618564875338526
0.618178929922831
0.614939466848267
0.614539667675301
0.606461802205519
0.605359073594811
0.598947041456428
0.597818853880421
0.597088155759433
0.589985267219163
0.588091253813938
0.586706533976652
0.58063923044857
0.580241559658635
0.575211987917371
0.573176557653363
0.569638154455322
0.567747558272949
0.564218061886883
0.562303718843366
0.558205678369495
0.554104104734281
0.550721642493738
0.549206917262822
0.546009167163605
0.540933047105242
0.537739267052689
0.537033692965784
0.534016959629181
0.532699879380224
0.53126696889505
0.52802608488602
0.526141476922062
0.520800590416628
0.520075575391176
0.517288592365755
0.515902665604581
0.514116816214643
0.510689396246955
0.508263716744152
0.507875982359407
0.504175444243068
0.502680077020306
0.500459532955367
0.497808292823176
0.494174098855182
0.492198689291217
0.491192391124551
0.487565776959748
0.484865441051953
0.48204432553845
0.479791332394844
0.477446550702103
0.475497344898851
0.474558973001947
0.470453872039617
0.466006887189718
0.464895336230408
0.463448318083891
0.458995701077112
0.456551284259366
0.452563390807293
0.450244528523747
0.448847622295979
0.443833093279257
0.438995141350308
0.43463545053719
0.430032669288249
0.428153430741361
0.426089115035725
0.418793594660394
0.417314651875054
0.41094258224993
0.407675568058146
0.40286242180349
0.394835001448576
0.392413109101619
0.383447714556181
0.377563984491661
0.367849221216892
0.367323713438587
0.343552972849969
0.341278296104142
0.338216520742617
0.337138791770916
0.307023804335683
0.298507023611568
0.268505670384511
0.252481410273106
7.09022320341312e-16
