1.00000082398293
1.0000000419454
1.00000000560326
1.00000000548715
1.00000000203959
1.00000000145789
1.00000000027895
1.00000000027299
1.0000000001015
1.00000000005263
1.00000000004012
1.00000000003719
1.00000000001294
1.00000000000188
1.00000000000184
1.00000000000135
1.00000000000073
1.00000000000069
1.00000000000067
1.00000000000027
1.00000000000025
1.00000000000025
1.00000000000024
1.00000000000005
1.00000000000004
1.00000000000003
1.00000000000003
1.00000000000003
1.00000000000001
1.00000000000001
1
1
1
1
1
1
1
1
1
1
1
1
1
1
1
1
1
1
1
1
1
1
1
1
1
1
1
1
1
1
1
1
1
1
1
1
1
1
1
1
1
1
1
1
1
1
1
1
1
1
1
1
1
1
1
1
1
1
1
1
1
1
1
1
1
1
1
1
1
1
0.999999999999999
0.999999999999999
0.999999999999999
0.999999999999999
0.999999999999999
0.999999999999999
0.999999999999999
0.999999999999999
0.999999999999999
0.999999999999999
0.999999999999999
0.999999999999999
0.999999999999999
0.999999999999999
0.999999999999999
0.999999999999999
0.999999999999999
0.999999999999999
0.999999999999999
0.999999999999999
0.999999999999999
0.999999999999999
0.999999999999999
0.999999999999999
0.999999999999999
0.999999999999999
0.999999999999999
0.999999999999999
0.999999999999999
0.999999999999999
0.999999999999999
0.999999999999999
0.999999999999999
0.999999999999999
0.999999999999999
0.999999999999999
0.999999999999999
0.999999999999999
0.999999999999999
0.999999999999999
0.999999999999999
0.999999999999999
0.999999999999999
0.999999999999999
0.999999999999999
0.999999999999998
0.999999999999998
0.999999999999998
0.999999999999998
0.999999999999998
0.999999999999998
0.999999999999998
0.999999999999998
0.999999999999998
0.999999999999998
0.999999999999998
0.999999999999998
0.999999999999998
0.999999999999998
0.999999999999998
0.999999999999997
0.999999999999997
0.999999999999995
0.999999999999994
0.999999999999994
0.999999999999993
0.999999999999987
0.999999999999965
0.999999999999965
0.999999999999964
0.999999999999964
0.999999999999953
0.999999999999906
0.999999999999746
0.999999999999746
0.999999999999745
0.999999999999729
0.999999999999309
0.999999999999308
0.999999999999264
0.999999999998317
0.999999999998121
0.99999999999812
0.999999999985279
0.999999999962248
0.999999999959609
0.999999999946685
0.999999999897381
0.999999999721053
0.999999999721052
0.999999999446165
0.999999997938847
0.999999997920517
0.999999994397204
0.999999994396269
0.999999958097826
0.999999167704579
3.26277748024733e-16
