1.52351274898432
0.902335041224255
0.778905487811398
0.631452672012467
0.484619055646969
0.430092147635562
0.342068762364933
0.27572186982287
0.265641810735407
0.20487493238031
0.188414149453565
0.170464242805586
0.14744025872886
0.141128456055506
0.12828685692236
0.119980568185741
0.105622517634861
0.0996177523464996
0.0992192014867148
0.0906108960237174
0.0841800644083827
0.0799316914941021
0.077574920698287
0.0698093980427661
0.0677264495778283
0.0613427667732107
0.0591269853450792
0.0580825797293389
0.0554771476817863
0.0531406711201515
0.0505137013022487
0.0497168876007139
0.0467832683326943
0.0458109368224415
0.0438615034871764
0.0431801271136208
0.0416311836816058
0.0397473266907671
0.0389644991294563
0.0386247421389393
0.0364593950133737
0.0356727558483107
0.034602735742718
0.0340195044183548
0.0334270963983187
0.0321489988973829
0.0313134064245152
0.0293998305152202
0.0292200324808344
0.0282961372915314
0.0279078785600635
0.0277752196987705
0.0264817657967904
0.0260391296597816
0.0253381655977078
0.0249808426152741
0.0244709164367284
0.024057845342932
0.0234308974634114
0.023100237020396
0.0226734850476162
0.0223714653872836
0.0218728722697694
0.0215013972971776
0.0208495825545911
0.0204796662850189
0.0193845417342385
0.0192830257046984
0.018963427365415
0.0188311096054222
0.018170932447385
0.0178092903858478
0.0172741983266482
0.0169207931726654
0.0165660638731777
0.0160428477549085
0.0158285972285004
0.0156425662947269
0.0155052556401858
0.0151364066255984
0.0147315566825101
0.014477317844622
0.0141028330850936
0.0139876665179466
0.0136282244769493
0.0135360404543114
0.0131381481129049
0.0129431025923593
0.01266585603614
0.0125525827251679
0.0122187177556557
0.0120806941954197
0.0118140327543574
0.0115547365193556
0.0112792796672871
0.011163615312157
0.0108116632552335
0.0106559727586469
0.0104716993217478
0.0102166336453246
0.0100606387091889
0.00991372458960947
0.00950601812232665
0.00935641861300036
0.00907480171414997
0.00892975255832671
0.00883324440428906
0.00868389049980089
0.00856025599054896
0.00835166673811872
0.0080922570475209
0.00807550024968342
0.00777234178099495
0.00771492514166688
0.00752824081683389
0.00740504529919266
0.00731139398444766
0.00700904512156595
0.0069133615369136
0.0067916766952873
0.00671906474417331
0.00663835243516997
0.00645964373238217
0.00638458587378442
0.00627463726785117
0.00605790015792299
0.00587804207551848
0.00576608981321518
0.00561236576690849
0.00553718662715721
0.00538665819081013
0.0053334446713026
0.00522971571367577
0.00513837089947247
0.00493702305563268
0.00476200881921355
0.00464139593746728
0.00456923588732172
0.0044843569739059
0.0043567804592172
0.00431277935194013
0.00415981879528296
0.00405448456097093
0.00404756541895049
0.00384570052171043
0.00373240452744187
0.00371111472120891
0.00360941072950537
0.00351128428333651
0.00346139374862391
0.00330141013995764
0.00325772031628088
0.00314856785037013
0.00307400407257197
0.00300279874991021
0.00292146837280643
0.00286380388589493
0.00281507260574754
0.00274861157137262
0.00267173410356768
0.00261781995963414
0.00254722029090103
0.00248090774696446
0.00246573870808612
0.00236895527915598
0.0022603836082916
0.00220431424467759
0.0021085928614869
0.00207631901072281
0.00201344467412019
0.00194730657661629
0.00190358666023762
0.0018265732977993
0.00178200357130685
0.00173714029529063
0.00171211607969514
0.00165038859445763
0.00155627765724446
0.0015224470536898
0.00148650456419332
0.00141943294195706
0.00138297123658772
0.00135446420307726
0.00129420954744596
0.00129189775705338
0.00123053202382748
0.00121233703869173
0.00119005193541308
0.00113929604789762
0.0010767278389224
0.00106484140838206
0.000959202616286826
0.000933170124785201
0.000907174934881855
0.000871382540790851
0.000807212979724977
0.000782548965249574
2.16093247422189e-14
