8.13367817198632
4.80503175034228
4.14813133177337
3.36505499913229
2.56622066761666
2.27977585834267
1.81153811067429
1.45582369123995
1.40431220706102
1.08208471311889
0.986336726975861
0.895178082900636
0.77592993526474
0.743289838948632
0.67402581758047
0.629706489481229
0.554084730070871
0.523431836614403
0.520543551169334
0.476508688627327
0.439820987790334
0.418882999628261
0.405005241312758
0.365753479371096
0.35274162012976
0.320175730946771
0.307958924856811
0.302640913209742
0.287829990921222
0.274365832156211
0.261531930757976
0.256164049936163
0.241035490643691
0.236201517683264
0.226812334517466
0.222802770244213
0.214789383997219
0.204760178775408
0.201294076070935
0.198565547522843
0.188723616710089
0.184338952598215
0.17824239716932
0.175161411628721
0.172761374338338
0.165528359620204
0.160161050779874
0.150709564029766
0.149390621876266
0.144934799252881
0.143311334600001
0.142095003851359
0.135102699493634
0.132292290324116
0.12935951997239
0.127899820912755
0.12442365684722
0.122595039413186
0.118582662435436
0.116086151743789
0.115036019807746
0.113617916799349
0.110697436531852
0.108442369659941
0.105361873929155
0.102361986247634
0.0976817078471225
0.0972483147187017
0.0959065357704607
0.0945594218877248
0.0914619407669255
0.0897222189341435
0.0867667449307439
0.0842400055328742
0.083160590763383
0.0800658336768967
0.0790313123230206
0.0786954061123043
0.076506786781911
0.0745036110786131
0.0728424039651445
0.0716336590169622
0.0693074340639405
0.0681638313162631
0.0679229934344896
0.0662793130792911
0.0649391952651597
0.064093137114632
0.0626521954962334
0.0614945266176155
0.0594644842912282
0.0590139347760431
0.0580771935277074
0.0563540640531323
0.0546563021453653
0.0536799734574699
0.051853370990696
0.0500347526940291
0.0499953188370122
0.0487066615902833
0.0485004893198354
0.0483267551269295
0.0454311422979135
0.0452459523831781
0.0435568898584418
0.0427187006123939
0.0416708997419557
0.04115734171209
0.0402354450132293
0.039044230846036
0.0378423073283714
0.0369652394917802
0.0367611107841616
0.0354419061495063
0.0350386996105647
0.0345506952602968
0.0332834318850537
0.0324609310090512
0.031891487890675
0.0313177102234873
0.0305316844136393
0.0295820396739075
0.0293768581313061
0.0291375184550204
0.0279251279120096
0.0274616279472311
0.0261802159197983
0.0260802577014558
0.0250895447717462
0.0245853518290198
0.0240759658967943
0.0236784743046063
0.0223628984520187
0.0218903146389051
0.021212160173368
0.0202162415855553
0.0198008592800336
0.0192260102558588
0.0190612316483707
0.0185432494857219
0.0177016163211676
0.0173142235826112
0.016706782005081
0.0161115103784338
0.0156560952716388
0.0151840985656498
0.0145536909025012
0.0142461912180322
0.0139987976622954
0.0137684844230235
0.0128541386417684
0.0125232680328158
0.011857427640893
0.0116822693987107
0.0114105357516593
0.0108258429274896
0.0105049098742357
0.010224620887422
0.0100128430907806
0.00959443250282154
0.00903367538024486
0.00878541279907473
0.00848137606299886
0.00807860076776658
0.00778886959364897
0.00746266199340665
0.00734527492760505
0.00721484873709512
0.00639833672513172
0.00595271609041491
0.00587855078289296
0.00547773149733509
0.00524596816146822
0.00495726186033621
0.0048599426680888
0.00454212603431872
0.00434680628249915
0.00405419098349188
0.00380889451772963
0.00366233642666157
0.00347686867056646
0.00313967700140127
0.00304923645537641
0.0028355745914195
0.00245238268909496
0.00230369347926211
0.0020147030706339
0.00197685844827585
0.00170149289702321
0.00159237620287329
0.00141800373879706
0.00131152513608184
0.0011345157437509
0.000931765004050346
0.00086280034295352
0.000799435540323263
0.000582464329272243
1.20579689100124e-15
1.04911903436413e-15
1.04579934338338e-15
8.57799071220406e-16
7.90244222400437e-16
7.39955202623755e-16
5.68604804228042e-16
5.6018798109127e-16
4.70729378673284e-16
4.41838837236593e-16
4.32691829648055e-16
4.00184807111804e-16
3.33905886385981e-16
2.68233834866845e-16
2.49878502125358e-16
1.77040300265398e-16
1.40544329333028e-16
9.37688936032627e-17
7.71087545635347e-17
4.80113727652231e-17
-2.34286080972751e-18
-4.23569729589129e-17
-4.8442388848002e-17
-7.55643546084966e-17
-8.77980216687482e-17
-1.86235353823334e-16
-1.97494425135638e-16
-2.90877669592518e-16
-3.72354098126104e-16
-3.91802734758046e-16
-4.65343881568348e-16
-4.67575596489177e-16
-4.7087024760931e-16
-5.19972344639992e-16
-6.22393825355182e-16
-7.23640693748149e-16
-7.60193166767557e-16
-7.89390713387075e-16
-8.07950656984833e-16
-9.46828677555969e-16
-1.02745155443338e-15
-1.03041871768264e-15
-1.05242906850395e-15
