3.76980628684711
2.53681238220539
2.35055068016588
2.18906906469878
2.11115348347959
2.01856177535006
1.86881695550898
1.74360234245807
1.67812204087959
1.63764223687292
1.61577467308125
1.59302190213672
1.55373187383803
1.47578584278907
1.42543959855589
1.41854040390752
1.40596849843381
1.36115983272475
1.32264069448605
1.30704730289335
1.29362390126392
1.29094499328041
1.27890456952652
1.25861959635793
1.23918522738529
1.22926363533158
1.19351603409223
1.18647151214873
1.17563178167222
1.17132731021904
1.1570398824496
1.14499072134137
1.13365794792432
1.12806597904661
1.11988644004706
1.1154223082197
1.11053734456865
1.10403103384872
1.09674239432676
1.09118843959502
1.08747669536681
1.07821918873957
1.07432635030018
1.07207751948556
1.06427758964719
1.0596003945546
1.05460398028391
1.04675117542456
1.04248493056695
1.03564145178439
1.02847098623739
1.02574013067047
1.01979537634176
1.01634401996667
1.01367840913069
1.0121118583841
1.00852232257758
1.00438281102027
1.00361598100429
1.0017959953519
0.996692558028869
0.990712620269441
0.989066107927359
0.985947420255092
0.983420036404263
0.980102244689488
0.975589438439152
0.972275075005331
0.971130549695195
0.968122429372808
0.965280531403496
0.962973400754907
0.961253488580156
0.959407144351543
0.958184958401906
0.954151538774251
0.951325529060381
0.950818005238234
0.947292158125114
0.945119214921686
0.944499068400586
0.939752754335211
0.938822780608461
0.938179654700658
0.934958213017885
0.932894780561501
0.932226834753949
0.930864055340896
0.927593019040846
0.92701123661622
0.925551347439808
0.920868635714152
0.920100447837135
0.917808168894159
0.914543771072464
0.912669955527339
0.910119825072093
0.908684648335009
0.906202854167817
0.904058816175029
0.902147354699304
0.901376605112193
0.899317466273168
0.898282094489554
0.893264414319878
0.89117816384929
0.889075757957466
0.888032117502336
0.885079455731198
0.884748116494917
0.882437012733586
0.878753807033822
0.878345727409862
0.876483734063108
0.874312516199766
0.872033921695443
0.869409128996252
0.866189895967188
0.86363616506105
0.862532202350238
0.859686473349944
0.857483139630386
0.855328657091003
0.853104248545708
0.849436923427355
0.849053020160931
0.845947452925699
0.84397906033894
0.841099888778086
0.840333862563938
0.838523612808961
0.835406362595205
0.833935854602372
0.829907409100207
0.826334390766176
0.824413263505059
0.823446487616368
0.820188892606221
0.819794662687546
0.818369406317112
0.816316144077427
0.814728940831569
0.813557253608384
0.810950125835117
0.809842018561365
0.807332902498666
0.804747934999773
0.804032446526579
0.800753404799196
0.795999446972077
0.795063841214068
0.79157181871459
0.790666664852959
0.788858171425802
0.787743067192691
0.783677933618702
0.782154079293402
0.778614472482693
0.776037692549971
0.775651122001962
0.772062471904313
0.771836010841477
0.770885829402722
0.76910575283452
0.760966681296866
0.760231076663641
0.757534329439249
0.753848711230208
0.753329917781689
0.74905050915496
0.742692593985195
0.74210746562533
0.738041648022408
0.735118764914711
0.733175569489989
0.728002212137645
0.71911888155017
0.714457291119953
0.710751180864699
0.708745162572983
0.702215976608305
0.695164573415049
0.693586422663267
0.689044295884193
0.68037805552208
0.646959202100286
0.646343865535145
0.641684836884092
0.626335263922515
0.612708666519486
0.612488263407102
0.608083155975003
0.585253684076419
0.58441300437025
0.563261626966647
0.50695779968558
0.477087970023819
-4.71072735232917e-16
