9.77272072435532
5.91938222906535
5.10991203695671
4.12310363122488
3.33697918289805
2.95036510934805
2.36279962984008
1.95400820095542
1.8716333837068
1.48245459276881
1.4488657186574
1.26744487821749
1.0828280490281
1.03132514903022
0.961803652795381
0.898215838470234
0.807063704686102
0.760093213047686
0.737968377174109
0.707800009745035
0.655461636177537
0.632582121280754
0.602562307469812
0.559666089104253
0.546367581523674
0.516333105065719
0.495058483160985
0.484250877189333
0.476742349515645
0.456457265152441
0.455566756086781
0.429287173332747
0.423029464557827
0.407517685937986
0.401056082715004
0.374343443819572
0.369563718504922
0.360955832892177
0.335929626480061
0.32955858302491
0.3265298681526
0.313900346379776
0.312036038883168
0.305228927336133
0.303838493885365
0.292836007909961
0.291154503361473
0.288403591237072
0.280866622666289
0.272954695460729
0.270621297500354
0.265177995874982
0.260432169342323
0.252703813996439
0.24857157837012
0.246780405003711
0.240087888089147
0.235812395077407
0.233573733326687
0.231049983911106
0.226082796187491
0.222861940008319
0.217751765929969
0.21574013418886
0.212831199871698
0.211340006038882
0.204216625483767
0.201145715242506
0.200212280675851
0.197292109619628
0.196603229610593
0.19604985084871
0.190590558469914
0.188284970966416
0.184865703090287
0.180990183676556
0.179366402393159
0.176484530630181
0.175479323819447
0.175204744863544
0.171671722426021
0.167484842386823
0.166236033519699
0.164592541132757
0.160250526840659
0.157453180470503
0.156395075083131
0.154747903227686
0.153917315340285
0.151376352799786
0.150507044067353
0.148537719619245
0.146448863751798
0.143893202454325
0.142673959712786
0.140162093858687
0.139337959746507
0.137351939414714
0.135754642920622
0.135720622632225
0.133327928211531
0.132165211354379
0.131614335885705
0.128969641543555
0.127089085613954
0.12594303769107
0.124253053965955
0.122822407277785
0.121960408146472
0.119423084999793
0.117290998652875
0.116619303950644
0.115220608500185
0.11327454641603
0.112760967417994
0.111757578276537
0.109778439095792
0.108490829015969
0.107740376547406
0.107180221719008
0.106288669025625
0.104017229366449
0.103203038723862
0.102843270407852
0.101624592483814
0.100323730068633
0.099464801211199
0.0982720266832585
0.0960007482156178
0.0946314353501477
0.094015895972856
0.0933336962570553
0.0924583744036272
0.0907622501665504
0.0895364923067986
0.0889800736375972
0.0880806922080596
0.0877657941572702
0.085503919855713
0.0853383070169735
0.0838953036838186
0.0835233879458565
0.0821555772157203
0.080948318909006
0.0800102645605559
0.0797347337250837
0.0785204887789265
0.0781326937544932
0.0774678162319952
0.0762933792584254
0.0748381887838037
0.0745122605506692
0.0737199446322495
0.0726773516743249
0.0724392084746852
0.0710274634386704
0.0704255856705141
0.0699870776786605
0.0679907015593729
0.0678029188976428
0.0677544712428027
0.0664224352389408
0.0649851959368873
0.0648359279793972
0.0645247558852233
0.0638327341408155
0.0628834043736862
0.0618229858372776
0.0611749085435065
0.0602483514060345
0.0600228695086605
0.0591261946159796
0.0580764226310261
0.057754717094916
0.0573922835599495
0.0568588270905067
0.0564474710643293
0.0551709090333866
0.0532076139927444
0.0525461558237996
0.0516239286035617
0.0506128544115346
0.0502269395375495
0.0499582883895297
0.0490527680571328
0.0485657414841225
0.0475771635619707
0.0467751659604926
0.0462266529469239
0.0454461707173798
0.0443420610790956
0.0425484916618278
0.0422486613208922
0.037818670589444
0.0371254527920974
0.0362961034956764
0.0315417529281751
-4.11522607918236e-14
