10.4061987586683
6.68638893034589
5.84686708871191
4.75806748606014
4.33700274645541
4.03013753593339
3.26303256889948
2.89596616793547
2.84475105101181
2.54577806448746
2.42213538683958
2.12477407668805
1.93145293447865
1.8430847028035
1.79075475701919
1.73188379279549
1.6142595846801
1.53151758201955
1.46386030812447
1.4235607726505
1.38491115820564
1.34603345699561
1.30198315475077
1.2231826646132
1.19585457064665
1.18213981657119
1.15488780180814
1.13694353060921
1.10389624085806
1.09199492606995
1.06070714066216
1.04563523581709
1.03274517838079
1.01464821967533
0.98311245113809
0.970893190076017
0.950211902784348
0.92988192736084
0.913277635383232
0.900787216477145
0.889070561755269
0.885308386674712
0.873348390585354
0.85533362727127
0.85331432173564
0.838314107621263
0.830732869276751
0.821487885188718
0.81431545296762
0.794454227607506
0.785664080087955
0.778105146496986
0.772798061838166
0.765596624750859
0.76308009372813
0.752781063331016
0.743414764118958
0.733268569872662
0.720755181401199
0.717141886083772
0.708864220322195
0.700203882740813
0.696978713938338
0.691107698962296
0.688145102215105
0.68265849579138
0.678165979793677
0.663818929405058
0.660247801121831
0.659274714208094
0.653888302276632
0.650907161797075
0.647613696053721
0.643699074803243
0.641211058333583
0.636596745727697
0.626610638313742
0.623006201255689
0.620253237378296
0.617917447552654
0.615658270498208
0.610958734856294
0.605282108488426
0.598957190725972
0.598541953384969
0.595394890965044
0.59247565369622
0.584196436922083
0.583243859917787
0.579069655653212
0.573647307162016
0.572144621101303
0.560091868628802
0.558463245302553
0.555056929193148
0.552407775242619
0.550455466517621
0.544270590892971
0.543739473514857
0.539526973250962
0.538356227854843
0.534686102549637
0.528125803684208
0.526573254523772
0.523718866667031
0.521643493788105
0.515451662318565
0.511735961650476
0.510302222738007
0.507557190035044
0.504316122589622
0.502445181010529
0.501408420307523
0.497102432708136
0.492278131017331
0.490827811256941
0.487958362137359
0.482486722327576
0.482152272842552
0.478680280762929
0.473384245215966
0.472080039605949
0.469784481064851
0.466043313860743
0.462571862382707
0.460928684192751
0.455981733754511
0.451571407057452
0.450612935458669
0.448549709347955
0.44614370206543
0.441111555737799
0.439995679983174
0.435309831777826
0.433381055547243
0.432124356393023
0.431656974367487
0.42804798585836
0.426156326435854
0.424881781594072
0.420212029086638
0.418857992126509
0.41695536646826
0.4145772791562
0.412080104092709
0.409895668329872
0.407547227638885
0.405098742757238
0.403977919565021
0.399565969902997
0.397945626963684
0.397110718974321
0.393705961821071
0.392972755404148
0.392252866940829
0.38983742696996
0.386370399314797
0.38331620328276
0.381059414105331
0.378196933209013
0.375433932566043
0.372312893242899
0.371226004555583
0.369798124238149
0.367524608715249
0.363773978359365
0.36248529875279
0.361348055909715
0.357227443116552
0.353849442654501
0.351372639142654
0.350146891727625
0.347504250496836
0.342928732236472
0.338785697445689
0.335535918346472
0.331981149578717
0.329776362139516
0.326056841024268
0.324116326299066
0.319850044564327
0.315946997075669
0.312390562011361
0.305851388823499
0.303720147430269
0.29877220374908
0.295487052458565
0.287456231634848
0.285042724576887
0.266713296456025
0.26499389888515
0.262164493284498
0.258271881757797
0.232757790544028
0.227751107400548
0.207099379854277
0.191685275071883
-1.11438537497649e-14
