6.23937167959796
3.73299884830774
3.2217976896815
2.6056924496936
2.04943208630084
1.81361605864294
1.44730421708935
1.18031806507205
1.13283679007962
0.879033021382684
0.837859520566818
0.745633033602789
0.640552714802483
0.611324423356042
0.562089604544334
0.525712096084068
0.465742860973823
0.439408537384581
0.433127007680758
0.398041068895828
0.376358964132443
0.356341534375606
0.346786072505531
0.310170706622024
0.307593334098313
0.277136176103279
0.271737932766494
0.264949343042373
0.257694881326637
0.25046327095069
0.238945637953309
0.231039759892927
0.22358533063305
0.217385747514322
0.207329358137518
0.201427980515129
0.200166504452646
0.193250956294272
0.182061547718141
0.178622277387641
0.171510155590613
0.167586939616078
0.163515571788342
0.161773827696828
0.156446878356022
0.155847369181187
0.152555037430313
0.145750765518552
0.142190065604129
0.138866818719722
0.137445258201807
0.135179784763735
0.131474649409827
0.128098265507794
0.127618028809376
0.12547037039607
0.12256838894059
0.119382693820187
0.1187063470652
0.115151425528358
0.113682180960728
0.112200181458382
0.110595576550131
0.109558084055554
0.107217044352594
0.104739717664531
0.0997858418596866
0.0985740437345478
0.0974476285045218
0.0967931103104535
0.0937198683314187
0.0926704544833707
0.0920308040105492
0.0899843729882459
0.0876624511183887
0.0864697721068449
0.0855417083974265
0.0848504874869353
0.083821274381045
0.0820050958978163
0.0809724545267832
0.0799876215352815
0.0778736745771996
0.0763732936611385
0.0751106745925409
0.0739036229430832
0.0726147505026915
0.0712975316346884
0.0708371774444692
0.0701212830729383
0.0686641735517943
0.0681017171856522
0.0677578780410561
0.0663643401315265
0.0652416533817319
0.0651896262372554
0.0626724201546817
0.0624043816214974
0.06136389959348
0.0597695823260255
0.0594103804183285
0.0581326495474421
0.0573330367719076
0.0568575565615217
0.0554606416482621
0.0547536972332902
0.0543963719918001
0.0542963884739858
0.0530163792335773
0.0525272109593823
0.0506451520308024
0.0500856449704779
0.0493215820959087
0.0489570914915062
0.0486550152035888
0.0482325700356024
0.0475475261440755
0.0464140286581501
0.0455738067324274
0.0447738720785373
0.0440759562981267
0.0438139172337322
0.043196177958077
0.0425335230439545
0.0422105682292415
0.0412393465698246
0.0408169083965632
0.0400803106799208
0.0392235659722897
0.038810874327116
0.0380755698529028
0.0373726571119839
0.0371943540158922
0.0367702138159762
0.0366431401910937
0.0357967649828485
0.0351964956706036
0.0347155350056501
0.0342572266111163
0.0334973746991255
0.0328655484453361
0.0327307141088044
0.0324444002038212
0.0313255406207689
0.0312870511446888
0.0308694520392714
0.0304350856659083
0.0301399878548043
0.0290562655010286
0.0289487431072509
0.027889132049496
0.0276790269068696
0.0275279179619234
0.0268329233853264
0.0267551557619339
0.0263101834919166
0.0260201854182905
0.0258839345988675
0.0254660692391691
0.0249172175735028
0.024876982569145
0.0244469679688238
0.0239522554849717
0.0237685744365023
0.0231734901734689
0.0228206348842796
0.0227629496754067
0.0221421499411706
0.0217666601322876
0.0210998591965829
0.0210568358851142
0.0207098414694845
0.0203741150936712
0.0202797349715506
0.020184523041917
0.0197916522174919
0.0195061787180097
0.0188012952963169
0.0180655780810803
0.0176732966964992
0.0175355127975985
0.0169133963102536
0.0168220136591394
0.0166914001442026
0.0165161185003923
0.0163760481672791
0.0161393523102081
0.0157669148752462
0.0153752279099146
0.015195895214199
0.014737888943727
0.0143317940376532
0.0141185012678405
0.0129137608484219
0.0124991980393814
0.0123255730149032
0.0111736632750728
4.39230687052168e-14
