0.00160225360145079
0.000946545834255893
0.00081714257998478
0.000662883519908444
0.000505524059566364
0.000449096345054721
0.000356857844383341
0.000286785940045112
0.000276638228014024
0.000213162170779392
0.000194302279522757
0.000176344077852702
0.000152852649723896
0.000146422671705498
0.000132778467200899
0.00012404803396765
0.000109151070271733
0.000103112436425936
0.00010254372657395
9.38688515942989e-05
8.66422116636378e-05
8.2517282067292e-05
7.97837744961181e-05
7.20511314965057e-05
6.94882877035587e-05
6.30728406422617e-05
6.06663039219952e-05
5.96186690322594e-05
5.6701240905766e-05
5.40491049354045e-05
5.15206926813762e-05
5.04635930801153e-05
4.74832554459592e-05
4.65309480863573e-05
4.46811553277645e-05
4.3891449704993e-05
4.23127871040021e-05
4.03371002816898e-05
3.96540828319165e-05
3.91170657772189e-05
3.71777954327217e-05
3.63141109852712e-05
3.51132334284151e-05
3.45062922212198e-05
3.40333720678405e-05
3.26086009020389e-05
3.15514489665364e-05
2.96894260395136e-05
2.94297595621075e-05
2.85518840585425e-05
2.82319927951298e-05
2.79924992402788e-05
2.66150604773149e-05
2.60615410904485e-05
2.54836519113936e-05
2.51960320978517e-05
2.45112602479003e-05
2.41511915709319e-05
2.33608269765623e-05
2.28690504294362e-05
2.26621404566966e-05
2.23828819433361e-05
2.18074335016806e-05
2.13632419302088e-05
2.07564058986035e-05
2.01655988678118e-05
1.92433627488394e-05
1.91580857163728e-05
1.88936419538224e-05
1.86284361475877e-05
1.80181472160008e-05
1.76754150873156e-05
1.70932344718289e-05
1.65955932965364e-05
1.63828241348773e-05
1.57731840892616e-05
1.55694585059737e-05
1.55030926762419e-05
1.50722395337372e-05
1.46776726371684e-05
1.43503273255957e-05
1.41121926591215e-05
1.36539862782815e-05
1.34288073995692e-05
1.33810392753343e-05
1.30575642910116e-05
1.27933738745621e-05
1.26266916496322e-05
1.23428114525071e-05
1.21148958699397e-05
1.17148424162374e-05
1.16262700029011e-05
1.1441596091537e-05
1.11022208930998e-05
1.07677505232774e-05
1.05755403276725e-05
1.02156476483025e-05
9.85755287167576e-06
9.84971758547462e-06
9.59604896656479e-06
9.55514164340043e-06
9.52075290216575e-06
8.95041425516943e-06
8.9140084731141e-06
8.58120472082105e-06
8.41606262140516e-06
8.20977792057498e-06
8.10856300886354e-06
7.92706818718403e-06
7.6923174117443e-06
7.4556654362115e-06
7.28283293994265e-06
7.24257623388888e-06
6.9826699678972e-06
6.90323348936297e-06
6.80720576592284e-06
6.55759762306387e-06
6.39529130118391e-06
6.28332935288039e-06
6.17018511958572e-06
6.01548283034823e-06
5.82830828746544e-06
5.78806224130678e-06
5.74080422136909e-06
5.50202209456662e-06
5.4106482779262e-06
5.15816368645456e-06
5.13851803874565e-06
4.94333668181845e-06
4.8439651122699e-06
4.74369481810704e-06
4.66530398970694e-06
4.40643325676462e-06
4.31322839782549e-06
4.17941169542224e-06
3.98345007400468e-06
3.90155000509592e-06
3.78837843863519e-06
3.75583058731773e-06
3.65372366946013e-06
3.48808449913788e-06
3.41171210120035e-06
3.29204785148707e-06
3.1746952058642e-06
3.08507376291188e-06
2.99216451161227e-06
2.86780752948728e-06
2.8072294804092e-06
2.758753911896e-06
2.71324126429857e-06
2.53295079762835e-06
2.46784263982969e-06
2.33666494252847e-06
2.3022900352084e-06
2.24877025010538e-06
2.13345740909856e-06
2.07029608744008e-06
2.01511266910372e-06
1.97343987942699e-06
1.89097312039025e-06
1.78056337401778e-06
1.73152826163759e-06
1.6717532098357e-06
1.59223394651783e-06
1.53543617824442e-06
1.47095530058969e-06
1.44785757862301e-06
1.42216877097088e-06
1.26122554303077e-06
1.17363311546181e-06
1.15881419995975e-06
1.08006799333875e-06
1.03427049258506e-06
9.77528319667035e-07
9.5825037962481e-07
8.95629745552026e-07
8.57212204436987e-07
7.99436906447429e-07
7.51234723389578e-07
7.22343169575595e-07
6.85731878631179e-07
6.192993847586e-07
6.0162239172155e-07
5.59413915553628e-07
4.83984159928661e-07
4.54711682107689e-07
3.97748637834013e-07
3.90299728760213e-07
3.3621271007192e-07
3.14649350002366e-07
2.80185175366342e-07
2.59318301907479e-07
2.24313126373982e-07
1.84730204013123e-07
1.70896392864232e-07
1.58262787199493e-07
1.15572723965016e-07
7.50690273519993e-14
