55.7605138562992
34.0568656702152
33.3741372025519
30.5680370526096
23.2309531362271
17.3105524611876
14.5007760378489
11.7361398932229
8.85447720467976
6.73505637225504
5.48349956228878
4.5521443233376
3.3712274384391
3.17654877425702
2.89699509218536
2.36486496545533
1.92086247336742
1.79189023365855
1.40522019475373
1.10364834141369
1.02155200241498
0.820960786083895
0.680840605899155
0.526574091131417
0.508720801209915
0.39016940734851
0.367908621258628
0.324775540933148
0.250435168727341
0.191994988915983
0.179599681175211
0.169310009678024
0.165257997051398
0.109998494358121
0.104364528745374
0.0906587404848723
0.0745996663693088
0.0681807946342907
0.0530594350094664
0.0444836623293454
0.0409147142431047
0.0383654941202098
0.0305212810300778
0.0269655001803209
0.0204536962554937
0.0194461356836985
0.0182981963848506
0.016668422571719
0.0127572557182699
0.0118159178187848
