57.6396787515955
33.5921609568687
31.4804659024629
30.1743561471799
22.6045813953268
16.751055981833
14.8715219195598
12.0506791518515
9.04629769722604
6.86803607028815
5.24219184567252
4.50796376072274
3.70155792602763
3.2598348996314
2.90456820866703
2.65065855247291
1.8353756323171
1.62078819551859
1.21894388730406
1.17636359735597
1.07194564336572
0.756794633593291
0.629463308259016
0.562831105520359
0.475800151521047
0.427685472889436
0.394330927415527
0.333092991924656
0.227853830005053
0.202739902765636
0.175467552284705
0.171119134593778
0.156892036482414
0.131829402885947
0.11421469497305
0.0909169654059717
0.0801630602397861
0.075411701964634
0.067841807727047
0.0577348297468114
0.0421586870054313
0.0368541889493427
0.0322007473303706
0.0298366242927129
0.0246019360365976
0.0185098784646702
0.0174569446459104
0.0123087924607728
0.0117194257140921
0.0102379986556491
0.00920383685374934
0.00773486533179371
0.00567055069445666
0.00554942262615995
0.00503244330496235
0.00412334571296287
0.0037079716728954
0.00313629097446335
0.00262237989034466
0.00225339670588383
0.0020315082387783
0.0016304676665112
0.00137189216244756
0.00123584351981574
0.00109823726855254
0.000927285659737083
0.000824569995604636
0.000760028909501977
0.000685148624972471
0.000491474727484383
0.000441853368097339
0.00042157106723693
0.00032268055739711
0.000246516261750073
0.000231537466638263
0.000202987191630915
0.000166265308386067
0.00015158865463318
0.000130889148525182
0.000122852301128108
0.000103600947038753
9.19434956393091e-05
7.98625700956616e-05
7.39728531521263e-05
6.85241491288163e-05
5.52174787804516e-05
4.908943569949e-05
3.79146121590568e-05
3.53160012514069e-05
3.01686937797465e-05
2.53532475241857e-05
2.08573403259884e-05
1.82545272428846e-05
1.51952959992238e-05
1.32605666196092e-05
1.26756161077417e-05
1.07263669848335e-05
8.65699317506591e-06
7.2009181415083e-06
6.89901377888154e-06
