0.556922874383695
1.73024540909232
0.748921107336015
-0.403068290377903
-0.808397893277245
-0.829731030271947
-0.595066523330223
0.258258956457865
1.66624599810821
1.09025129925125
-0.253736331414988
-0.787064756282543
-0.872397304261351
-0.701732208303734
-0.0190718244732637
1.47424776515589
1.47424776515589
-0.0404049614679659
-0.701732208303734
-0.872397304261351
-0.76573161928784
-0.296402605404392
1.11158443624595
1.79424482007642
0.279592093452567
-0.637732797319627
-0.851064167266649
-0.872397304261351
-0.488400838356712
0.684921696351909
1.96490991603404
0.706254833346611
-0.509733975351414
-0.851064167266649
-0.893730441256053
-0.659065934314329
0.236925819463163
1.83691109406583
1.21825012121946
-0.296402605404392
-0.787064756282543
-0.893730441256053
-0.808397893277245
-0.168403783436179
1.45291462816119
1.75157854608702
0.0449275865108428
-0.723065345298436
-0.915063578250756
-0.872397304261351
-0.488400838356712
0.855586792309526
2.09290873800225
0.556922874383695
-0.595066523330223
-0.915063578250756
-0.915063578250756
-0.701732208303734
0.258258956457865
2.00757619002344
1.23958325821417
-0.360402016388499
-0.851064167266649
-0.95772985224016
-0.829731030271947
-0.27506946840969
1.45291462816119
1.92224364204464
0.066260723505545
-0.76573161928784
-0.936396715245458
-0.915063578250756
-0.573733386335521
0.684921696351909
2.26357383395987
0.748921107336015
-0.573733386335521
-0.936396715245458
-0.979062989234862
-0.808397893277245
-0.0404049614679659
1.90091050504993
1.64491286111351
-0.211070057425583
-0.851064167266649
-0.95772985224016
-0.936396715245458
-0.531067112346116
0.983585614277739
2.32757324494398
0.471590326404887
-0.680399071309032
-0.95772985224016
-0.979062989234862
-0.787064756282543
0.108926997494949
2.13557501199166
1.5595803131347
-0.317735742399094
-0.893730441256053
-0.979062989234862
-0.936396715245458
-0.509733975351414
1.09025129925125
2.47690520390689
0.428924052415482
-0.723065345298436
-0.979062989234862
-1.00039612622956
-0.851064167266649
0.00226131252143847
2.19957442297576
1.70891227209761
-0.317735742399094
-0.893730441256053
-1.02172926322427
-0.979062989234862
-0.637732797319627
0.812920518320122
2.66890343685921
0.706254833346611
-0.680399071309032
-0.979062989234862
-1.02172926322427
-0.915063578250756
-0.296402605404392
1.81557795707112
2.28490697095457
-0.0404049614679659
-0.872397304261351
-1.04306240021897
-1.02172926322427
-0.829731030271947
0.172926408479056
2.62623716286981
1.53824717614
-0.46706770136201
-0.95772985224016
-1.04306240021897
-1.00039612622956
-0.723065345298436
0.706254833346611
3.03156676576915
0.855586792309526
-0.701732208303734
-1.02172926322427
-1.06439553721367
-1.00039612622956
-0.637732797319627
1.15425071023536
3.11689931374796
0.471590326404887
-0.829731030271947
-1.04306240021897
-1.08572867420837
-1.06439553721367
-0.637732797319627
1.28224953220357
3.30889754670028
0.364924641431376
-0.851064167266649
-1.06439553721367
-1.10706181120308
-1.08572867420837
-0.829731030271947
0.748921107336015
3.71422714959962
0.834253655314824
-0.808397893277245
-1.08572867420837
-1.10706181120308
-1.12839494819778
-1.08572867420837
-0.531067112346116
2.47690520390689
3.30889754670028
-0.296402605404392
-1.04306240021897
-1.12839494819778
-1.17106122218718
-1.19239435918188
-1.21372749617659
-1.19239435918188
-0.872397304261351
0.962252477283037
1.38891521717708
-0.104404372452072
-0.637732797319627
-0.680399071309032
-0.403068290377903
0.236925819463163
0.812920518320122
0.40759091542078
-0.232403194420286
-0.552400249340818
-0.573733386335521
-0.27506946840969
0.322258367441971
0.748921107336015
0.343591504436674
-0.253736331414988
-0.552400249340818
-0.531067112346116
-0.232403194420286
0.386257778426078
0.770254244330717
0.322258367441971
-0.27506946840969
-0.552400249340818
-0.552400249340818
-0.232403194420286
0.450257189410184
0.834253655314824
0.343591504436674
-0.296402605404392
-0.595066523330223
-0.573733386335521
-0.232403194420286
0.492923463399589
0.876919929304228
0.300925230447269
-0.339068879393797
-0.595066523330223
-0.573733386335521
-0.211070057425583
0.535589737388993
0.919586203293633
0.279592093452567
-0.360402016388499
-0.637732797319627
-0.616399660324925
-0.232403194420286
0.535589737388993
0.983585614277739
0.300925230447269
-0.360402016388499
-0.616399660324925
-0.616399660324925
-0.232403194420286
0.578256011378398
1.04758502526185
0.343591504436674
-0.403068290377903
-0.659065934314329
-0.637732797319627
-0.27506946840969
0.578256011378398
1.06891816225655
0.343591504436674
-0.403068290377903
-0.680399071309032
-0.637732797319627
-0.27506946840969
0.5995891483731
1.15425071023536
0.40759091542078
-0.403068290377903
-0.680399071309032
-0.680399071309032
-0.317735742399094
0.556922874383695
1.21825012121946
0.471590326404887
-0.381735153383201
-0.723065345298436
-0.723065345298436
-0.360402016388499
0.514256600394291
1.26091639520887
0.535589737388993
-0.381735153383201
-0.723065345298436
-0.744398482293138
-0.445734564367308
0.428924052415482
1.30358266919827
0.642255422362504
-0.360402016388499
-0.723065345298436
-0.76573161928784
-0.509733975351414
0.343591504436674
1.34624894318768
0.770254244330717
-0.296402605404392
-0.723065345298436
-0.787064756282543
-0.531067112346116
0.258258956457865
1.34624894318768
0.89825306629893
-0.211070057425583
-0.701732208303734
-0.808397893277245
-0.616399660324925
0.0875938605002472
1.30358266919827
1.06891816225655
-0.147070646441477
-0.701732208303734
-0.829731030271947
-0.680399071309032
-0.0617380984626681
1.21825012121946
1.28224953220357
-0.0190718244732637
-0.680399071309032
-0.851064167266649
-0.744398482293138
-0.232403194420286
1.04758502526185
1.45291462816119
0.172926408479056
-0.616399660324925
-0.851064167266649
-0.787064756282543
-0.360402016388499
0.812920518320122
1.6022465871241
0.364924641431376
-0.552400249340818
-0.808397893277245
-0.808397893277245
-0.509733975351414
0.556922874383695
1.68757913510291
0.663588559357206
-0.46706770136201
-0.829731030271947
-0.872397304261351
-0.637732797319627
0.279592093452567
1.64491286111351
1.00491875127244
-0.339068879393797
-0.787064756282543
-0.872397304261351
-0.723065345298436
-0.0190718244732637
1.47424776515589
1.38891521717708
-0.104404372452072
-0.76573161928784
-0.893730441256053
-0.808397893277245
-0.27506946840969
1.15425071023536
1.70891227209761
0.172926408479056
-0.680399071309032
-0.893730441256053
-0.872397304261351
-0.509733975351414
0.706254833346611
1.92224364204464
0.5995891483731
-0.552400249340818
-0.872397304261351
-0.893730441256053
-0.680399071309032
0.258258956457865
1.85824423106053
1.11158443624595
-0.360402016388499
-0.851064167266649
-0.936396715245458
-0.787064756282543
-0.147070646441477
1.51691403914529
1.64491286111351
-0.0404049614679659
-0.76573161928784
-0.936396715245458
-0.872397304261351
-0.46706770136201
0.940919340288335
2.05024246401285
0.428924052415482
-0.637732797319627
-0.915063578250756
-0.936396715245458
-0.680399071309032
0.322258367441971
2.05024246401285
1.11158443624595
-0.424401427372605
-0.893730441256053
-0.95772985224016
-0.829731030271947
-0.189736920430881
1.53824717614
1.81557795707112
-0.0190718244732637
-0.808397893277245
-0.95772985224016
-0.915063578250756
-0.595066523330223
0.770254244330717
2.22090755997047
0.620922285367802
-0.637732797319627
-0.936396715245458
-0.979062989234862
-0.76573161928784
0.0449275865108428
1.98624305302874
1.49558090215059
-0.296402605404392
-0.872397304261351
-1.00039612622956
-0.915063578250756
-0.488400838356712
1.13291757324065
2.24224069696517
0.322258367441971
-0.744398482293138
-0.979062989234862
-1.00039612622956
-0.76573161928784
0.172926408479056
2.22090755997047
1.34624894318768
-0.424401427372605
-0.915063578250756
-1.00039612622956
-0.936396715245458
-0.46706770136201
1.23958325821417
2.34890638193868
0.236925819463163
-0.76573161928784
-1.00039612622956
-1.02172926322427
-0.808397893277245
0.108926997494949
2.28490697095457
1.47424776515589
-0.424401427372605
-0.936396715245458
-1.02172926322427
-0.979062989234862
-0.573733386335521
1.00491875127244
2.60490402587511
0.450257189410184
-0.76573161928784
-1.02172926322427
-1.04306240021897
-0.915063578250756
-0.189736920430881
2.05024246401285
2.02890932701815
-0.232403194420286
-0.915063578250756
-1.04306240021897
-1.04306240021897
-0.787064756282543
0.364924641431376
2.75423598483802
1.17558384723006
-0.595066523330223
-1.00039612622956
-1.08572867420837
-1.02172926322427
-0.637732797319627
1.00491875127244
2.92490108079564
0.471590326404887
-0.787064756282543
-1.06439553721367
-1.08572867420837
-1.02172926322427
-0.509733975351414
1.5809134501294
2.81823539582213
0.0875938605002472
-0.893730441256053
-1.06439553721367
-1.10706181120308
-1.00039612622956
-0.488400838356712
1.87957736805523
2.88223480680623
-0.0404049614679659
-0.936396715245458
-1.08572867420837
-1.10706181120308
-1.06439553721367
-0.659065934314329
1.53824717614
3.41556323167379
0.151593271484354
-0.95772985224016
-1.10706181120308
-1.14972808519248
-1.12839494819778
-0.979062989234862
0.130260134489652
3.77822656058373
1.64491286111351
-0.744398482293138
-1.08572867420837
-1.14972808519248
-1.17106122218718
-1.19239435918188
-1.17106122218718
-0.744398482293138
2.24224069696517
3.69289401260492
-0.189736920430881
-1.02172926322427
-1.12839494819778
-1.12839494819778
-1.12839494819778
-0.893730441256053
0.428924052415482
3.01023362877445
1.04758502526185
-0.659065934314329
-1.02172926322427
-1.06439553721367
-0.979062989234862
-0.46706770136201
1.45291462816119
2.32757324494398
0.066260723505545
-0.851064167266649
-1.04306240021897
-1.04306240021897
-0.787064756282543
0.300925230447269
2.41290579292279
1.15425071023536
-0.552400249340818
-0.979062989234862
-1.04306240021897
-0.979062989234862
-0.488400838356712
1.32491580619297
2.39157265592808
0.151593271484354
-0.829731030271947
-1.04306240021897
-1.04306240021897
-0.851064167266649
0.0875938605002472
2.32757324494398
1.51691403914529
-0.445734564367308
-1.00039612622956
-1.08572867420837
-1.02172926322427
-0.680399071309032
0.855586792309526
2.73290284784332
0.5995891483731
-0.744398482293138
-1.04306240021897
-1.06439553721367
-0.979062989234862
-0.403068290377903
1.73024540909232
2.47690520390689
-0.0617380984626681
-0.915063578250756
-1.06439553721367
-1.06439553721367
-0.936396715245458
-0.0830712354573703
2.45557206691219
1.90091050504993
-0.403068290377903
-0.979062989234862
-1.10706181120308
-1.08572867420837
-0.893730441256053
0.151593271484354
2.90356794380094
1.49558090215059
-0.595066523330223
-1.04306240021897
-1.10706181120308
-1.12839494819778
-0.915063578250756
0.130260134489652
3.13823245074266
1.51691403914529
-0.637732797319627
-1.06439553721367
-1.12839494819778
-1.14972808519248
-1.02172926322427
-0.253736331414988
2.83956853281683
2.39157265592808
-0.445734564367308
-1.04306240021897
-1.12839494819778
-1.14972808519248
-1.14972808519248
-0.936396715245458
0.556922874383695
4.16222302648837
1.00491875127244
-0.872397304261351
-1.10706181120308
-1.17106122218718
-1.19239435918188
-1.21372749617659
-1.23506063317129
-1.23506063317129
-1.12839494819778
-0.787064756282543
-1.10706181120308
-1.14972808519248
-1.10706181120308
-0.936396715245458
-0.573733386335521
-0.0617380984626681
0.108926997494949
-0.0830712354573703
-0.296402605404392
-0.296402605404392
-0.125737509446775
0.0875938605002472
0.130260134489652
-0.0190718244732637
-0.232403194420286
-0.296402605404392
-0.253736331414988
-0.0404049614679659
0.151593271484354
0.151593271484354
0.00226131252143847
-0.211070057425583
-0.27506946840969
-0.189736920430881
0.00226131252143847
0.194259545473758
0.172926408479056
-0.0404049614679659
-0.211070057425583
-0.296402605404392
-0.168403783436179
0.0235944495161407
0.236925819463163
0.172926408479056
-0.0404049614679659
-0.253736331414988
-0.296402605404392
-0.147070646441477
0.0875938605002472
0.258258956457865
0.172926408479056
-0.0830712354573703
-0.27506946840969
-0.317735742399094
-0.147070646441477
0.108926997494949
0.279592093452567
0.151593271484354
-0.125737509446775
-0.296402605404392
-0.296402605404392
-0.104404372452072
0.151593271484354
0.300925230447269
0.130260134489652
-0.125737509446775
-0.339068879393797
-0.296402605404392
-0.104404372452072
0.21559268246846
0.343591504436674
0.130260134489652
-0.189736920430881
-0.317735742399094
-0.296402605404392
-0.0404049614679659
0.279592093452567
0.364924641431376
0.108926997494949
-0.168403783436179
-0.339068879393797
-0.296402605404392
-0.0190718244732637
0.322258367441971
0.386257778426078
0.0875938605002472
-0.232403194420286
-0.360402016388499
-0.27506946840969
0.0235944495161407
0.386257778426078
0.40759091542078
0.066260723505545
-0.27506946840969
-0.360402016388499
-0.27506946840969
0.066260723505545
0.428924052415482
0.40759091542078
0.0235944495161407
-0.296402605404392
-0.381735153383201
-0.253736331414988
0.130260134489652
0.514256600394291
0.428924052415482
0.00226131252143847
-0.296402605404392
-0.381735153383201
-0.211070057425583
0.172926408479056
0.556922874383695
0.428924052415482
-0.0190718244732637
-0.360402016388499
-0.403068290377903
-0.211070057425583
0.236925819463163
0.5995891483731
0.40759091542078
-0.0830712354573703
-0.403068290377903
-0.403068290377903
-0.189736920430881
0.279592093452567
0.663588559357206
0.386257778426078
-0.104404372452072
-0.403068290377903
-0.424401427372605
-0.168403783436179
0.322258367441971
0.727587970341313
0.386257778426078
-0.125737509446775
-0.445734564367308
-0.424401427372605
-0.168403783436179
0.40759091542078
0.748921107336015
0.343591504436674
-0.211070057425583
-0.488400838356712
-0.46706770136201
-0.168403783436179
0.428924052415482
0.79158738132542
0.343591504436674
-0.211070057425583
-0.509733975351414
-0.488400838356712
-0.125737509446775
0.492923463399589
0.812920518320122
0.300925230447269
-0.27506946840969
-0.552400249340818
-0.488400838356712
-0.147070646441477
0.535589737388993
0.855586792309526
0.300925230447269
-0.317735742399094
-0.552400249340818
-0.531067112346116
-0.125737509446775
0.578256011378398
0.919586203293633
0.258258956457865
-0.360402016388499
-0.573733386335521
-0.531067112346116
-0.147070646441477
0.5995891483731
0.919586203293633
0.279592093452567
-0.360402016388499
-0.595066523330223
-0.573733386335521
-0.147070646441477
0.663588559357206
0.962252477283037
0.258258956457865
-0.403068290377903
-0.616399660324925
-0.573733386335521
-0.125737509446775
0.663588559357206
1.02625188826714
0.258258956457865
-0.403068290377903
-0.637732797319627
-0.595066523330223
-0.189736920430881
0.706254833346611
1.09025129925125
0.300925230447269
-0.403068290377903
-0.659065934314329
-0.616399660324925
-0.189736920430881
0.706254833346611
1.13291757324065
0.322258367441971
-0.424401427372605
-0.659065934314329
-0.637732797319627
-0.232403194420286
0.684921696351909
1.23958325821417
0.386257778426078
-0.403068290377903
-0.680399071309032
-0.659065934314329
-0.296402605404392
0.642255422362504
1.28224953220357
0.471590326404887
-0.381735153383201
-0.659065934314329
-0.680399071309032
-0.317735742399094
0.5995891483731
1.36758208018238
0.556922874383695
-0.360402016388499
-0.701732208303734
-0.701732208303734
-0.403068290377903
0.492923463399589
1.41024835417178
0.663588559357206
-0.317735742399094
-0.701732208303734
-0.723065345298436
-0.46706770136201
0.386257778426078
1.43158149116649
0.834253655314824
-0.27506946840969
-0.701732208303734
-0.76573161928784
-0.531067112346116
0.258258956457865
1.41024835417178
0.983585614277739
-0.168403783436179
-0.680399071309032
-0.787064756282543
-0.595066523330223
0.108926997494949
1.34624894318768
1.19691698422476
-0.0830712354573703
-0.659065934314329
-0.808397893277245
-0.680399071309032
-0.0830712354573703
1.21825012121946
1.41024835417178
0.0875938605002472
-0.637732797319627
-0.808397893277245
-0.701732208303734
-0.232403194420286
1.00491875127244
1.5595803131347
0.300925230447269
-0.595066523330223
-0.829731030271947
-0.787064756282543
-0.403068290377903
0.748921107336015
1.70891227209761
0.514256600394291
-0.509733975351414
-0.829731030271947
-0.829731030271947
-0.531067112346116
0.428924052415482
1.73024540909232
0.834253655314824
-0.381735153383201
-0.808397893277245
-0.851064167266649
-0.659065934314329
0.151593271484354
1.6022465871241
1.21825012121946
-0.232403194420286
-0.76573161928784
-0.893730441256053
-0.744398482293138
-0.168403783436179
1.32491580619297
1.5809134501294
0.0449275865108428
-0.723065345298436
-0.893730441256053
-0.851064167266649
-0.403068290377903
0.940919340288335
1.87957736805523
0.40759091542078
-0.595066523330223
-0.893730441256053
-0.872397304261351
-0.595066523330223
0.471590326404887
1.94357677903934
0.855586792309526
-0.445734564367308
-0.872397304261351
-0.915063578250756
-0.744398482293138
0.0449275865108428
1.70891227209761
1.45291462816119
-0.168403783436179
-0.808397893277245
-0.915063578250756
-0.829731030271947
-0.339068879393797
1.19691698422476
1.92224364204464
0.236925819463163
-0.701732208303734
-0.893730441256053
-0.893730441256053
-0.595066523330223
0.5995891483731
2.11424187499696
0.812920518320122
-0.509733975351414
-0.872397304261351
-0.936396715245458
-0.744398482293138
0.0235944495161407
1.83691109406583
1.53824717614
-0.168403783436179
-0.829731030271947
-0.915063578250756
-0.872397304261351
-0.403068290377903
1.13291757324065
2.15690814898636
0.343591504436674
-0.680399071309032
-0.936396715245458
-0.936396715245458
-0.680399071309032
0.364924641431376
2.19957442297576
1.15425071023536
-0.445734564367308
-0.872397304261351
-0.95772985224016
-0.851064167266649
-0.27506946840969
1.53824717614
2.05024246401285
0.0449275865108428
-0.76573161928784
-0.95772985224016
-0.936396715245458
-0.637732797319627
0.556922874383695
2.41290579292279
0.89825306629893
-0.552400249340818
-0.936396715245458
-1.00039612622956
-0.872397304261351
-0.211070057425583
1.73024540909232
2.00757619002344
-0.0617380984626681
-0.829731030271947
-1.00039612622956
-0.979062989234862
-0.701732208303734
0.578256011378398
2.540904614891
0.919586203293633
-0.573733386335521
-0.95772985224016
-1.02172926322427
-0.893730441256053
-0.317735742399094
1.6235797241188
2.26357383395987
0.0235944495161407
-0.851064167266649
-1.02172926322427
-1.00039612622956
-0.787064756282543
