0.27754471242812
2.55851539699684
1.31813554949042
-0.504721040994577
-0.959001312750511
-1.03969762374769
-0.977086722858195
-0.593179302878029
1.07971239170569
2.74997732509333
0.451242825900184
-0.762375279914413
-1.01436205216902
-1.04710023681816
-0.934624840822913
-0.295963777518463
1.95235631122868
2.33723985403463
-0.108377215002614
-0.905983969574421
-1.05162401063685
-1.05003114015847
-0.890966205477894
0.0206587509762681
2.64269702857133
1.79500681594928
-0.428757378527964
-0.972170408915653
-1.073055937683
-1.06412498308857
-0.866609182508563
0.206419452311907
3.0390891457127
1.50208573259601
-0.582320546942855
-1.01902571448231
-1.09115488483852
-1.09636599753765
-0.912095124338242
0.0917895963953708
3.16876653290923
1.73158418280539
-0.580150299665875
-1.03433214758528
-1.09708794448536
-1.13166751480421
-1.0428149072676
-0.467451304392561
2.30097269660422
3.12007009490664
-0.177480176814323
-1.0154291468378
-1.08629016907713
-1.14921052462946
-1.15229353623447
-1.06904167374933
-0.323932611058389
3.26538309497461
2.79187924536873
-0.697549785760154
-1.05117353048987
-1.27368215213692
-1.20755408432219
-1.08811115750764
-0.91543481279599
-0.365668123750395
2.01756942831949
3.41005168268048
0.0299453066378776
-0.854476946404849
-0.960478025334179
-0.924611926926286
-0.90137055192965
-0.415957078457381
3.01145292257232
4.77861867447659
-1.13112752161737
-0.23114466070582
-0.481114575480322
-0.0883246843190639
-1.30074983233546
-0.41927476027227
2.68428515938732
3.80527435334347
0.288568143943477
-1.18225840595321
-1.1806220072494
-0.142448526069212
-1.15413135854402
-0.139725824073486
0.590009184064923
4.22999223229522
2.6875194602299
-0.557902856592877
0.707547824247973
-0.280261481320471
0.576554794337573
-0.0178348272783726
3.16839105103359
5.32110348302237
