0.277203043137021
2.63681905801878
1.31256180578108
-0.510233365769321
-0.943766919127321
-1.02956892704558
-0.932270123423152
-0.392868969801625
1.5622774803161
2.52480801174381
0.159105396356254
-0.772342440110721
-0.972093198567218
-0.950671608776202
-0.633596337707293
0.686529345755991
2.71745531901355
1.02964781100608
-0.531881125842188
-0.81157855166002
-0.842541909602641
-0.557796498000719
0.561430214622987
2.32627832815774
1.33339259105112
-0.310587341135351
-0.599316941201356
-0.588876096281383
-0.260334371171183
0.786049946103681
1.89311801818
1.10449220252312
-0.168833295610694
-0.351034048120923
-0.205403618033059
0.148124726467002
0.949294410175857
1.43792690262975
0.774312396204473
-0.0101340772161489
-0.0443933872767042
0.125395340693252
0.421688596372712
0.918159600083897
1.10023756313666
0.603957227943316
0.160579662768201
0.167484346226954
0.316420950882123
0.559419064502794
0.860626169775708
0.888932546635349
0.538834520604133
0.280700530469508
0.310498178156082
0.451416403827348
0.639389082628439
0.798785757002415
0.749542555900477
0.521451192454868
0.389171099073031
0.431890243136543
0.542358406322395
0.666075154967448
0.741120425184936
0.684921694930348
0.548912700988657
0.480131076219629
0.514155950368476
0.596642079216495
0.682008295532473
0.718454936631498
0.668367051624418
0.582407746601529
0.548197300037828
0.582766968891273
0.646987663883388
0.700440235960221
0.711016792447818
0.673174189083279
0.626954345880521
0.616590884363142
0.644404700704116
0.686421416452498
0.719347485757969
0.725954924509913
0.705069913196303
0.679560817019559
0.675457284407698
0.697414621401119
0.730955192254314
0.756291131236909
0.759931319842901
0.745685979801149
0.733312835245768
0.738856561140294
0.760341937324148
0.784590046765412
0.800562923114338
0.805182829550545
