0.268014377394811
2.52528117269063
1.33943014075171
-0.503135193674325
-0.949781785645036
-1.03899643047402
-0.962329021578584
-0.575767719640283
1.05793019666275
2.73933654717157
0.478716468038639
-0.755355762837259
-1.02011396613707
-1.04596431901082
-0.929616667802087
-0.293201401472797
1.89823142114782
2.36984686883812
-0.0984171763939208
-0.905000517573168
-1.05238920595817
-1.0378164838794
-0.899396368899355
-0.00867878237293063
2.5578598054197
1.88208228202618
-0.412015300461022
-0.98295362694408
-1.06924841130915
-1.05623388557192
-0.875174506340915
0.171978791653552
2.94630275073521
1.57115120151062
-0.570719692697901
-1.04249663816279
-1.08959579431785
-1.10890176338333
-0.933838673639409
0.104620706514032
3.09826503169789
1.74553120072853
-0.569906137371691
-1.03334281599938
-1.09686027554974
-1.14136763376497
-1.04179792530595
-0.366007455314273
2.54071947817544
3.07268925042215
-0.317951100995099
-0.999116098393516
-1.09020539990832
-1.14422870766288
-1.13915916941119
-0.980439652150474
0.453365350912421
4.06755064758202
1.35917327566171
-0.730679435121761
-1.06455279104616
-1.17123257292077
-1.29086631989457
-1.08015400361316
-1.10202714653366
-1.27327546142258
0.40772409089474
2.74518207235804
0.164929198111271
-0.893534855956285
-1.00136570084738
-0.820097919126617
-0.175158041188193
-0.328863400961867
1.26890490194193
1.0578571035871
-0.239240041365851
-0.872578600047081
-0.453214730289335
-0.589646533240956
0.400063014839296
0.973674373854393
0.963654891945162
-0.0803198932786682
-0.379352788898767
-0.511177228451661
-0.079341355211215
-0.00359976632644332
1.27794533152085
1.0342271195724
-0.0031237689446828
-0.276736149865472
-0.213693572653279
-0.17790542472966
0.0348093821861655
0.517839481387054
1.45721509349449
0.363110091177206
-0.381253423374001
-0.317660774520104
