0.282789995195143
2.5759962243601
1.30820011883158
-0.514747402327289
-0.976439096929872
-1.06255480495023
-0.998156903440379
-0.603926493241845
1.03207341179566
2.77523979229658
0.466784627300236
-0.788749056006976
-1.03292351454637
-1.05124010113067
-0.929467148168404
-0.235238132799152
2.06485111973385
2.21794862113062
-0.20668272481667
-0.956132548370366
-1.09868564091391
-1.07730609697199
-0.887011910402211
0.0827258370188906
2.79724588715667
1.64053273649303
-0.533523551037862
-1.01330142047795
-1.08514294739182
-1.04456852300471
-0.718545641916997
0.733543623700952
3.14403264774627
0.766044738435725
-0.764107001802027
-1.07074679226912
-1.10519008423425
-1.02821594635402
-0.542471400717249
1.54872111750533
3.05835004651323
0.11221451173996
-0.936775747221439
-1.10798311364806
-1.10099377169395
-1.00409287377376
-0.425346481419396
2.04285904369578
2.880541567565
-0.140207482003287
-1.00231119317548
-1.12487000379435
-1.10086924865497
-0.994017263939308
-0.435131760749998
2.18257117071065
2.98463525030648
-0.191171725189321
-1.03706569263985
-1.13398388327545
-1.10398288651889
-0.989501625188207
-0.423671748292604
2.28889420483921
3.11350601084625
-0.21439288219083
-1.07721316094273
-1.15066334879627
-1.11288800438408
-1.00502573180776
-0.482160771454038
2.09788262975784
3.49495069337554
-0.100787651332777
-1.07362931545376
-1.143265639047
-1.10326190178637
-1.00763235739163
-0.628091283926411
1.46806145933442
4.09019812544527
0.281628216749367
-1.02522904123616
-1.14167271820821
-1.09124494684131
-1.02718823320647
-0.83329423369711
0.347782598161802
4.08800331889023
1.5716472594942
-0.747425733776484
-1.12743270837725
-1.13446204206687
-1.16434923310645
-1.53327318646226
-2.92128532469031
-5.21687382220807
-4.88617654466355
-3.20066827817921
-3.18513669462907
