0.292203447899269
2.50007791480276
1.361696794995
-0.408735811076136
-0.815317812389845
-0.8589258251738
-0.760784628881956
-0.222874125769341
1.32783653651431
1.83286851359982
0.13264043274474
-0.678324315818483
-0.857396359451479
-0.804538433097388
-0.403050260372653
0.871916205547299
1.91643033200016
0.470432154760317
-0.568081881670425
-0.840172565326487
-0.854161277900809
-0.576506240738873
0.452891583508162
1.93684924551324
0.920470593153144
-0.413392742632876
-0.807240669675379
-0.883828999767045
-0.716052492368906
0.0241486528527699
1.68105222650901
1.49569178932648
-0.141711507689072
-0.743546208729637
-0.871954506367412
-0.773600215938708
-0.252157120396385
1.2222704797868
1.82075670267933
0.185814516654673
-0.657640653720792
-0.856252879123284
-0.816221374126183
-0.435731165506916
0.806287473433828
1.93976862058265
0.536741719434344
-0.548539428982761
-0.836621851262916
-0.861013452181955
-0.603462042072386
0.377977155516147
1.91658683829841
1.01315249454937
-0.376802951618474
-0.798601412424217
-0.884636677320911
-0.731683289211902
-0.0364088216562723
1.60825679259198
1.57933294746847
-0.0860960664003263
-0.730536195744252
-0.868618891353768
-0.779501802935629
-0.285098457791109
1.14812499339085
1.84628514161937
0.240665280757671
-0.641003733858143
-0.85353427756446
-0.824244785375946
-0.465068065772552
0.736846251885286
1.94976644790091
0.605751132576761
-0.525907548561969
-0.832098484591766
-0.867471403717888
-0.629694274856591
0.302720383326766
1.88747182574426
1.11029120033244
-0.336301506403055
-0.788972735230493
-0.883946972647238
-0.744356746949311
-0.0909044527427605
1.53089520073955
1.65119933134702
-0.0299112587424077
-0.716973831651114
-0.865718982106384
-0.785963970031574
-0.316835040770528
1.07626168692307
1.86927668664893
0.296691422729351
-0.623797441943692
-0.850580798028083
