0.266452010365003
2.50991953899698
1.34347044859642
-0.49054246024073
-0.956435093840224
-1.04104138013264
-0.968081966634843
-0.586239605057609
1.05176324518245
2.75781695791602
0.463067308238031
-0.75749795071516
-1.0122351385679
-1.02817285256092
-0.928671767674639
-0.30765001406922
1.91423327125575
2.37605170237305
-0.0967419722131695
-0.9025338676393
-1.05127919958098
-1.05070086609827
-0.900481535241849
-0.0186300608692809
2.58085615770324
1.86703813750951
-0.416382930089137
-0.969424852100312
-1.06820877067553
-1.06320781822612
-0.876327993512131
0.139661152149207
2.98180104379476
1.58934769808957
-0.567576474597885
-1.02951398630195
-1.10682947423165
-1.09971987800204
-0.924732572797427
-0.00497813441799533
3.01081365705819
1.89081245582885
-0.540072526864807
-1.02746009451685
-1.10135742721725
-1.13192927180718
-1.04599478641409
-0.552659614701456
2.00969766214079
3.32729702299648
-0.0849391400029011
-0.999171707835692
-1.08496651814688
-1.11923385390939
-1.15314994710888
-1.06775579613615
-0.475827005339363
2.72106312342644
3.54471645177909
-0.305469204351622
-1.05258830194731
-1.20330903588815
-1.2243250287479
-1.25508429902503
-1.3265671154229
-0.266146939407366
-0.318557011489904
1.58420480376541
0.477810245300021
-0.284356462746299
-1.34145293716453
-1.13609378787104
-1.19963365733609
0.208491986673513
1.14026212494316
1.80971693954115
-0.917581718197676
-0.838353572741712
-1.29919031543905
-0.650780856097859
-0.239673645381466
0.814684307198485
1.0019749943273
0.549092166970975
-0.165353552309358
-0.894904939211569
-0.431942249886073
-0.648295204875142
0.48152518573575
1.15533923567801
0.651331941113764
-0.435323714430858
-0.732079986028459
-1.04114123083961
-0.331837736581052
-0.0459160457166072
1.05811892271908
0.725855783874066
-0.0478774334519012
-1.17260885567677
