0.274083170644378
2.46549050746831
1.28847722096432
-0.468737212074115
-0.910523763824839
-0.948297370014177
-0.759025298332086
-0.0112026262286318
1.73803245962478
1.52353910036489
-0.183389948589173
-0.795907139190595
-0.893130297387802
-0.723035861947922
-0.0742212786436565
1.3938866078255
1.47869318496701
-0.0263777808315127
-0.71197768147696
-0.843983201638669
-0.682779921926114
-0.073826159958176
1.20549514454592
1.35526608255318
0.0406012182710993
-0.652801974033468
-0.799225020616489
-0.637003277608915
-0.0422455040519742
1.09594520445736
1.21248368862639
0.0491895333223029
-0.612989376220584
-0.758384131200132
-0.587548921061802
0.00562927422744375
1.02913862349498
1.07266105416664
0.0245353157759389
-0.587956546694651
-0.721403748306846
-0.536019148430837
0.062255002494497
0.985443435446137
0.941895651125948
-0.0174375168287255
-0.573581469542094
-0.687581598945997
-0.482697050309004
0.124360592140227
0.953507411108406
0.81938813458595
-0.0679814131445242
-0.566425246510298
-0.655658230391708
-0.426903195249139
0.190607990850658
0.926055410612041
0.702415680044567
-0.122435279473917
-0.563799678892065
-0.624198856443101
-0.36756397562517
0.260214660517857
0.897968726334104
0.588531878042009
-0.178129991946183
-0.56366223989057
-0.591868905914882
-0.303640684248738
0.332240045429485
0.865554680713938
0.476399056292167
-0.233256256703312
-0.564438617665771
-0.557563284252657
-0.234426766573126
0.405176393956789
0.826257855208387
0.365964560155033
-0.286311515024875
-0.564828100551891
-0.520419571777066
-0.159747538532905
0.476690488884671
0.778453777889483
0.258249113980335
-0.335891187351512
-0.563635423497491
-0.479739697114914
-0.0800412800902384
0.5435420016905
0.72121389374984
0.154864259541876
-0.38070542811914
-0.559673978412315
-0.434855924112735
0.00371558857629073
0.601789509575284
0.654103651437161
