0.1
0.281209354326778
0.586927046339235
0.770919503368275
0.615100879724008
0.83805135548852
0.556565079279415
0.850116757028949
0.431545848483865
0.899313071741099
0.378899715134829
0.790062595342918
0.653842461804074
0.816937813246827
0.523151203978802
0.887306480121835
0.404542110092982
0.787063603094907
0.643918774506551
0.769655656309048
0.611556025899263
0.836178850621464
0.420465478380034
0.834526158084141
0.51256814404296
0.766345670585981
0.7201384002778
0.667050748304069
0.862880369056009
0.369197413135413
0.71797173639759
0.690147953244702
0.731685864909884
0.747009676976012
0.708309172427065
0.769665134821423
0.664441743360109
0.831770290459634
0.488489397119458
0.83691869471156
0.51361138870113
0.99240921078505
0.0297487758435624
0.105015967672931
0.369162246218157
0.821966209943081
0.459315610839274
0.894790592887048
0.326159342565021
0.771950728409144
0.680088732736423
0.791177096852795
0.507469597393635
0.83241024528998
0.505752576210095
0.86510023180676
0.4008192403332
0.793974224623019
0.587089184371103
0.912630935973205
0.347199069917485
0.822064098147508
0.474902936745789
0.888336552424941
0.257631913284818
0.764221450133095
0.654190793830181
0.800103844939966
0.585806538121946
0.820922657131575
0.536648261543009
0.905147984915226
0.41695045183179
0.905730893392354
0.256505745071999
0.67703672518221
0.786115830840544
0.611436644124745
0.891598144105602
0.35318572286437
0.767877191544096
0.686938387065071
0.809034201734074
0.531629436855119
0.952871957032939
0.174188632478948
0.486197324927741
0.825401476769121
0.547771835322753
0.934543293084978
0.128050570205
0.408702074202177
0.910886202925624
0.320549066864224
0.843728140646587
0.426414314416104
0.892127654078726
0.312313483437769
0.75056325589158
0.665515436372736
0.830039969556208
0.540842883607307
0.906773402460516
0.326827601497395
0.75710309792611
0.655770505131198
0.815269444386425
0.579775734556397
0.911833068022693
0.224935491458202
0.635243191457069
0.811025325794834
0.450741248904555
0.818407078063585
0.579378454581702
0.866324764524987
0.359691765066752
0.816319476663374
0.576297875308596
0.890722486465277
0.40278777248728
0.875935186558959
0.378138393590505
0.819166065633688
0.53284422857367
0.929808430895437
0.200652227494366
0.573018697965787
0.935618928390121
0.234650263540471
0.564496919007298
0.877067726130308
0.341217250057217
0.837233972981166
0.532260143225008
0.878978079799811
0.387219934921349
0.838235458178271
0.574001786772198
0.881545701942254
0.308868267329806
0.777313333558869
0.578708349432787
0.85138666477039
0.451023810488885
0.93157187164228
0.251785299608899
0.620156214531732
0.867271717220035
0.463558238747103
