0.695469310488839
0.62630725462918
0.649983253847926
0.4993198744891
0.851409013536341
0.537117706435383
0.688318822839975
0.635874844570143
0.643898394789001
0.58300525173878
0.699234936803236
0.604580143560431
0.71949934611459
0.524100053842897
0.700725904104377
0.640739359031645
0.609545390807315
0.650304607058159
0.68647046513874
0.565692219421067
0.67482465192388
0.612928140952364
0.716358116481061
0.461687282710723
0.86841220363386
0.494781633505234
0.716025532152657
0.569720566249821
0.723743677516054
0.545597086146454
0.74243425394609
0.580132813747854
0.683702745810476
0.562303177804609
0.686764132278256
0.644657818893313
0.644305447197057
0.649830177115587
0.618473695403435
0.645176056923873
0.590467022613132
0.728273238938657
0.591628147579788
0.649080448744844
0.641782982419086
0.636370845644975
0.625788439987211
0.666332004296178
0.647701308274747
0.618986874962163
