0.526296767394703
0.723713702606028
0.584620582487338
0.710977220915305
0.427830491396792
0.936401563013464
0.454413333254057
0.82010800884737
0.456307470210108
0.802693725217579
0.42678919535598
0.817100392860497
0.540224697574675
0.776776969149121
0.481822320273439
0.727628377591046
0.57783304464856
0.670223144639356
0.654085823584446
0.656345863759873
0.636420552137202
0.579050481116206
0.629826981154761
0.772628155241388
0.355184621349114
0.948360742476161
0.44579043655551
0.729095490285332
0.458427569843372
0.830246944226363
0.417233227240782
0.892289711210441
0.460980244505069
0.765173732936068
0.513875109627695
0.678978922966687
0.713507160770753
0.605777576816771
0.71028545012402
0.481518724136723
0.897663151469248
0.348446794304208
0.928081578198634
0.443317269239429
0.769396569279518
0.466000585557366
0.945448134402819
0.210930201393281
0.952992580185874
0.534931335638002
