0.415825205861739
0.862201266875361
0.433777912031194
0.871043350391111
0.402761154047293
0.853253554030831
0.450212102556548
0.879263998765645
0.380786615388495
0.836454721700496
0.492054424985466
0.888026947482305
0.355876324819104
0.811831927101109
0.551265929315692
0.879109462945983
0.378976512768842
0.831830841230416
0.508977893502555
0.887938495215518
0.355845925624707
0.81060189357641
0.55504209957625
0.877760570277125
0.382620523770355
0.834756957748786
0.502263014850772
0.888160007974139
0.355400394863846
0.810336025674307
0.555240677952339
0.877685040832388
0.382820724829575
0.834964900630149
0.501775797332921
0.88815825769836
0.355409345165543
0.810362022324045
0.555156183902986
0.877718407200665
0.38273248140545
0.834894637415106
0.501937818534512
0.888157190514371
0.355408375655919
0.810356333437834
0.555178133965697
0.877709823707139
0.382755035302237
0.834912331442292
