0.450532033150179
0.837655358846631
0.51576863432172
0.828905009915837
0.492884301288983
0.924117988192645
0.294565332698819
0.747005328873021
0.695078376890803
0.741334560026192
0.684935510954464
0.764733085823155
0.626653507926768
0.824097054341792
0.582598237553926
0.81107039562036
0.563270408215038
0.8863609207351
0.369110871979475
0.824253483639016
0.508112717829946
0.901058191251252
0.320641490936807
0.787239939952505
0.621898205724701
0.819937540369493
0.526766925556445
0.897016961568671
0.329237123808136
0.768993585137382
0.643116760924459
0.794630491903148
0.575071675377494
0.891523749825563
0.343178358312171
0.775669077186255
0.643162951519411
0.779280764661641
0.609418763519712
0.869725073185812
0.401185305157293
0.838500402759854
0.513205019222414
0.84461215569996
0.465493015273977
0.903801881694907
0.327784490771996
0.782989961643858
0.60562380923975
0.850176064221549
