-0.782309217205138
0.367897314654289
2.3028238691044
1.48426139484809
-0.464701854616143
-0.953312975069855
-1.05883992248264
-1.00747151371856
-0.488311103893933
1.17490513809619
2.37865468634152
0.594097998124069
-0.575835163515512
-0.872695159676502
-0.97802567934309
-0.885704667766279
-0.0181618376159145
1.8352494651266
1.96063741545746
-0.0458325575383453
-0.720176925482934
-0.921546778067341
-0.948025054026234
-0.679282165251702
0.549801112338818
2.12974073725646
1.36056144811646
-0.289626840628267
-0.795106305164773
-0.929329376993798
-0.898839252939927
-0.336750202867666
1.09121974273583
2.04024067006131
0.744417648521604
-0.347933398312286
-0.728686564020061
-0.807795634850935
-0.677179333091855
0.113113692119874
1.42755889094633
1.65230763288364
0.270897565074186
-0.498458378008971
-0.72046122317621
-0.668649398589535
-0.307539788635393
0.550757309958453
1.41451911646847
1.14294565648724
0.0752011417538962
-0.531957274452376
-0.613743032040462
-0.39817609715831
0.166825489392518
0.824191387007823
1.07555001560836
0.640342776761892
-0.00679067092189702
-0.393301210993281
-0.310141739485344
0.0543718744950738
0.565473075188974
0.755521385860013
0.596566199451087
0.260930464360299
-0.0824724260503205
-0.165024083160512
0.130852254971902
0.506352769283639
0.598926481501066
0.401350652615583
0.250435411882543
0.104951933300835
-0.00774130948975649
0.210962220076584
0.576863524613539
0.591420204929042
0.242268385989927
0.0772226735101829
0.115752085586301
0.169161549933349
0.285762056363834
0.619094471524218
0.647016020390857
0.204896354796961
-0.129067282882812
-0.0833627117113891
0.172771655136772
0.42024371014857
0.611698575541143
0.625494243710733
0.234103201108035
-0.166325317714536
-0.297004580452595
-0.0460462098907091
0.428578626396389
0.70521546886243
0.541033038229152
0.138656765418958
-0.122184096677159
-0.267657469390948
-0.192798833927552
0.242481313832161
0.72794206105914
0.602274410400286
0.0384208712837538
-0.238693838787731
-0.22707189753939
-0.102443646965645
0.199159006390449
0.614345675386223
0.616188840573383
0.0834078271024997
-0.2927791118029
-0.336518426202024
-0.100891310609157
0.287565383165213
0.628239077016513
0.555726232933228
0.0808222828805742
-0.247758093233671
-0.355083360476476
-0.172365732074464
0.272697712145984
0.673441708208301
0.558078671155964
0.0516552807038794
-0.250902639104117
-0.329445200575751
-0.171732078314229
0.259174708254054
0.672546648214207
0.538671482287128
0.021798720491954
-0.26002292880401
-0.323924822495364
-0.160186878480686
0.264653890236475
0.69919454374901
0.537185950513729
-0.0395759824532448
-0.309727143079153
-0.327590964785898
-0.130456668559237
0.277074036469354
0.694860997033982
0.561620149273855
-0.0349448741401794
-0.362660642663301
-0.39563322403238
-0.13861357292308
0.328479979843358
0.708025802989952
0.524385179613333
-0.0281148515158214
-0.334772867873866
-0.419209214686674
-0.20103151305947
0.319265403404727
0.764884048608954
0.51786731551213
-0.0871565572884746
-0.348166339504506
-0.384154488886824
-0.186895889956035
0.289963172431374
0.762473448704676
0.547511442710805
-0.100609035068029
-0.401383282510696
-0.419632040683988
-0.164456283126388
0.32691933557895
0.766109351516736
0.533911977261805
-0.0977641474153916
-0.400487198263203
-0.452676941152918
-0.199977933322702
0.335993289135978
0.805825822293372
0.542078081409799
-0.118909690067359
-0.409733911634964
-0.449931796911818
-0.206921586424724
0.326052879968748
0.812561720382651
0.555314695589566
-0.115513467004474
-0.423107838910067
-0.469009536711877
-0.213369387917182
0.337950660801069
0.832542646587144
0.546050355275336
-0.131394055842653
-0.421281368236978
-0.469814916113904
