0.283608632222659
2.49166889754464
1.36285875447726
-0.47065495025925
-0.960499029871215
-1.04357461854393
-0.974801522377037
-0.586660115385526
1.08530414263456
2.72577023097102
0.460789584509003
-0.755160997731552
-1.02749236120186
-1.05447211014225
-0.947764620324968
-0.30057246697954
1.89823671036059
2.43117412642143
-0.140911983456495
-0.913854148227914
-1.06173545999974
-1.05739500635244
-0.903107633620065
0.0022905910219872
2.513926304172
1.97095185410517
-0.46315714443916
-0.992677804951603
-1.09117291079565
-1.07670868898523
-0.879651906374391
0.19298985396444
2.83581105766999
1.75962064091446
-0.588664145642832
-1.04218593919126
-1.11706846257683
-1.11644930959933
-0.93322885855304
0.0795118135024676
2.78233699881877
2.17919950151911
-0.512323724404861
-1.04230193119159
-1.12573991790237
-1.15402790168916
-1.05076620827674
-0.46473727452985
1.87508999926126
3.50368138942524
-0.0245306819476899
-1.02170215249711
-1.13047057691722
-1.17437136940831
-1.16616973666898
-1.11324183212809
-0.3704419816977
2.0013204259621
1.84902760964622
0.438946559484527
-1.01122069702739
-1.25199746986132
-1.24529359886612
-1.11305083982285
-0.673744148645947
-0.566985606433398
-0.301459820643024
0.986795504211079
0.0304398416293813
-0.755656743083315
-0.906652840210736
-0.566770301039543
-0.128239800321119
0.434009385491289
1.11277793395457
1.07388307448867
-0.43042729544242
-0.691934823535207
-0.533789650537744
-0.0822892785920216
0.390842540331019
0.872986144684439
0.74361922394872
0.197799114066638
-0.664529138471922
-0.596774317850971
-0.315630699159899
0.226254018678159
0.707396358229212
0.755706341327623
0.308333452614642
-0.414604926283061
-0.680777530485909
-0.402137094520968
0.126553195164389
0.602874799118741
0.836228154655463
0.48397067217307
-0.156727018968611
-0.684905788615435
-0.602495209202459
0.00149675726441253
0.593388445957199
0.804738154100349
0.547335981175572
-0.00186253732778937
-0.404504464839024
-0.525252166549114
-0.209146484239879
0.456680257353459
0.865909478562803
0.584668255193098
0.124089300862059
-0.281680660030253
-0.477927508016812
-0.335958866119889
0.294705275914092
0.933779553897705
0.713589934359395
0.118508136054807
-0.257110598277366
-0.427184132387194
-0.371110243646284
0.158005029036844
0.915146414818911
0.868240681707877
0.17585188840026
-0.281807375316996
-0.448492574307183
-0.379125524147558
0.0666090834696567
0.86904834270745
1.00462670622787
0.247851728242125
-0.297470804741461
-0.488392629955842
-0.42211039893236
-0.00085305119987279
0.814750218631625
1.1220449334858
0.33491904885236
-0.31245463488037
-0.538032224707067
-0.488519667091802
-0.0782661435558289
0.753057715259345
1.20201442756876
0.432918227105084
-0.317090605455505
-0.579813436594153
-0.547555116760973
-0.163960162303478
0.68147695516563
1.25702094021199
0.533435545311455
-0.287443349651135
-0.603975088908993
-0.603452395990361
-0.256865323600803
0.59015548720734
1.30241999094567
0.639686436303156
-0.243941867896348
-0.610389214877704
-0.646154505266371
-0.34830443140254
0.476678910101971
1.32952523120287
0.765389856389909
-0.19079957394271
-0.607345641986515
-0.678943270943551
-0.433694529125727
0.34423782655803
1.3259869108135
0.914983585899007
-0.123566329357546
-0.598928246546428
-0.70447664439334
-0.510788711340542
0.198723112208497
1.2821967469334
1.08689552503888
-0.0356159281063068
-0.586364024975706
-0.726300307565978
-0.58104721587844
0.0459865932331184
1.19052819771157
1.27036960061591
0.0814296419095792
-0.567303643257961
-0.74536780522837
-0.645731548149298
-0.109611473620894
1.04779459113984
1.44565818777164
0.235711171895009
-0.534812109349528
-0.759160832404556
