21.9801096133012
75.8631106397177
170.344854737354
129.307174314911
34.9348841417448
15.2159211631623
11.4252329046677
13.4206737743872
32.9094202145272
113.215625989419
176.059094710633
93.6244679271398
23.3854158316719
10.0610689672833
11.0236383433911
15.8331470029882
49.3274929309504
143.411745602345
164.253071752811
68.0478670398884
19.314961970423
10.6616695465491
9.81209927468233
17.8637946967687
67.3207479206702
160.969372009279
147.400027599736
55.46667619973
18.5018601121985
8.38277376298337
9.11986572651774
20.756083396638
80.1558517960323
164.388194043667
143.149897696921
45.0454298924919
17.4916817979024
9.37490561377159
7.32586848165406
22.1776652556896
84.4270486337912
153.648648284502
148.911257826775
61.884371957753
9.90453570429904
2.8897889821267
4.86997719061963
20.0169313796921
74.9759967288841
142.637841936013
125.067549506806
75.9927962219831
33.8564104053591
3.91582693057744
3.77956778730116
16.6910232275714
54.7969242595625
132.499382141701
109.959827256264
53.590146331561
42.2281148710333
8.67282201879304
7.38584997305512
18.1182701888441
43.134674552769
96.4934641485918
111.572078963729
72.1408954489278
41.946913875653
9.225914279865
14.1726216998909
27.9659008572434
52.864168983452
69.8195301006138
80.0933619708049
77.8327917244253
45.2113002193981
19.6690725627096
27.3318912033753
45.1987904732013
67.5375829600368
81.7939091878281
74.7447311748849
62.8106602655227
35.0613709393729
29.9915461041426
43.5862395367694
65.1324680712767
78.3693351240909
88.730867701845
71.2949028420819
44.2633626269836
28.7585365653116
40.6056203050967
60.0751010578467
78.3079269388906
84.0990185128752
83.015058985697
58.6341228724506
32.1284788279516
33.7237914482176
55.2367520440992
73.9326796493497
80.8467041734399
84.3170766093884
73.8274246849926
44.1937376403316
28.4505926072959
45.7372461140891
70.4385477718025
79.2521800156334
74.5942774168529
80.9349667573789
65.9721332369612
35.4814772172017
33.2353600076645
60.7155490531155
79.7231225974251
73.8768010120794
67.1967342113524
79.220432835185
59.9692571945221
32.9782037989689
42.8246567494799
72.6161446880446
79.8293484132021
64.275511357854
63.4447550815085
80.9593429341672
57.753383877232
32.8428963974698
51.67950451223
78.7556424662942
74.2724063587738
58.5050397329601
63.5085535435462
79.4033290679693
57.6748389433547
34.0247243605255
57.4012187499734
81.4726586020834
69.338041246884
57.0622434079584
67.7477496751929
75.2866845757576
49.513269434601
35.9810247580705
66.4676516985051
84.3796059693016
66.1282683611081
56.3135260847748
68.5641995075447
71.3128179199255
40.8010940638329
40.943723586147
80.3411821221384
86.2958201641067
61.0524416317258
54.8538247199588
63.7702944472755
60.1390554439564
39.9321753374843
56.6454160520424
94.5929049320872
80.9276507504641
50.6128897780719
51.7632103105043
61.4871546267912
51.6594172962851
46.3928613525144
80.12854229109
100.509580346701
63.8830971024946
38.4254217033303
49.6215582815189
62.4410837485954
54.0258741184895
63.0036348250161
98.4868167929546
87.7421462459888
42.2001888740504
32.3540107656511
54.1050624515578
68.1036386816209
64.2434007108001
81.4934088855103
97.2397443432733
62.2664153682092
28.1577767160198
35.1967533221482
66.9665941727868
79.3032409415907
74.389221953433
84.9471633749172
77.729703085771
42.7154377705195
25.2557174486582
48.7746100209439
87.4813206987894
87.6869848767074
