-0.81115227094788
0.370732478789623
2.32405658948738
1.48570691626784
-0.515664738617457
-0.965815563859521
-1.03117962368558
-1.00228911155621
-0.549925455413022
1.16547427335828
2.39394818140593
0.74871695608361
-0.743428436824618
-1.05782864095643
-1.0548739958592
-0.947688601949929
-0.153913306224328
1.7545786871646
2.09151686769427
0.256242700535434
-0.812803778899672
-1.03663236063441
-1.07915300372766
-0.871936430045804
0.263741700966665
2.04489239096351
1.68339591814568
0.0206448538106512
-0.785207459375734
-1.07356523635707
-1.08959287119939
-0.763150207890875
0.567213246739505
2.03931351184029
1.52169804528807
-0.219671208387313
-0.81063829473112
-1.02886102137302
-1.11927546135141
-0.667454173922649
0.7158901521422
1.80122184674723
1.50175135424259
0.011319004830402
-0.95992352545884
-1.14553420354477
-1.1532366363068
-0.620411231794263
0.638264525435109
1.66018013885313
0.973245555718719
0.0870018882079667
-0.631456261451795
-1.18723851499357
-1.13596554783198
-0.582725579116769
0.389911533000853
1.59676297765579
0.799982589022207
-0.356833802871434
-0.659064806727008
-1.19751239625871
-1.02081207385185
-0.501200342883287
0.258100034845426
1.01170944797719
0.886653904943093
-0.0747697495492432
-0.786225326859822
-1.19202004212354
-0.82678151482961
-0.311364195012476
0.373972223145422
0.4992522219392
0.300933958000253
-0.0468766494581384
-0.784338149328588
-0.952319001658689
-0.524978686529453
0.00720731794804194
0.469606926598739
0.583460668910334
0.0916526897031826
-0.386420836899487
-0.872562882856262
-0.648835796520676
-0.156338745412245
0.356248258268941
0.503318807292619
0.556267819623497
-0.0385057108239899
-0.690732538342495
-0.831735606327253
-0.333422742147369
0.204577040147968
0.528796967333626
0.533185368038859
0.350628147386189
-0.317238175868908
-0.842623323278785
-0.610369418551437
0.0225248764531893
0.461934791979438
0.484672673724517
0.515337867313194
0.153452405661734
-0.592675582500781
-0.847048306539601
-0.297903579405228
0.350996422236541
0.513910619528473
0.323339830678386
0.425560013864923
-0.018048751286723
-0.737635626734666
-0.695364694834901
0.0510351154919786
0.549051249565586
0.357491746033289
0.191709516940872
0.346413550563385
-0.195792734799721
-0.766609601569225
-0.433503122891943
0.359572997643941
0.56360869364993
0.128906751061609
0.11109658625549
0.315850763996597
-0.297155623476888
-0.733658310092109
-0.14123063925294
0.579368729265431
0.43177855023583
-0.0369212230663657
0.0686930632793502
0.197512679798
-0.336906293712334
-0.606611961567726
0.147797045806809
0.698590220287611
0.238580257002258
-0.150679749038092
0.096042875944816
0.081446016461359
-0.455420391675368
-0.403961039515499
0.479113502285061
0.70556552197618
0.0335180522650766
-0.251875512142725
0.0573459588602151
0.0419904089119908
-0.480724859268019
-0.117321751090864
0.783640996628531
0.563824994122237
-0.191360700597726
-0.295512842595365
-0.0241227331045538
-0.08539879026531
-0.348838154704517
0.298292399716775
0.93153338117694
0.260310506528654
-0.418355876399202
-0.295979002366331
0.00665303261153504
-0.152024363539949
-0.10399407090609
0.708330857162346
0.80913976333091
-0.126293239957364
-0.563518174798219
-0.248708573125707
0.0834122977501301
-0.0617716377340394
0.231662290322167
0.881628780361889
0.449523124678011
-0.440865432483322
-0.583065132774698
-0.0846004173512405
0.195466109828768
0.0900538764960809
0.483387117670435
0.742196573034553
0.0611970092607733
-0.600841142511656
-0.463960820041233
0.184249000151805
0.314561393100002
0.169200340317918
0.500937609613938
0.469595790449981
-0.191739554800278
-0.605933240245293
-0.178806378786932
0.471139514982415
0.296463248538646
