-0.793931485876628
0.350702373108597
2.36519687736024
1.46588454809412
-0.503891631746073
-0.966032925613223
-1.05212248484966
-1.00079072915761
-0.535020883960823
1.11642703461968
2.57022287464259
0.604524437538431
-0.733820542655541
-1.03063397970604
-1.0731655616631
-0.948503864755197
-0.17646412545325
1.83055249110962
2.29966998611487
-0.0303031441607567
-0.88685643401854
-1.0654980216648
-1.07542313707055
-0.861503871559561
0.20455787749782
2.3376910412865
1.90463705356153
-0.390870114007872
-1.01749419231521
-1.11972489752341
-1.07986855498033
-0.765512547880608
0.529516662516982
2.56022492806814
1.60506208123036
-0.528366687588108
-1.05724332048985
-1.15238474916107
-1.09100362110147
-0.710914359767541
0.700492760509869
2.58805333404335
1.49379811982203
-0.564626035670846
-1.06041244238743
-1.1649246465877
-1.11004209093314
-0.73590541956031
0.641572082625082
2.54036722214516
1.62307409249664
-0.507563762816654
-1.06637574237544
-1.18373361162122
-1.13291089916928
-0.81819464292183
0.344881283096949
2.31331560436265
1.97227361403657
-0.254618363711486
-1.0256687061548
-1.19627904636342
-1.15257383334972
-0.900425329763208
-0.0747445516235357
1.726615648416
2.24751006568053
0.295022448299881
-0.834775432110433
-1.17477359748162
-1.16707274506917
-0.939521713525243
-0.363137446524398
1.05791354574729
2.01233736044146
0.842680538506553
-0.459231129850574
-1.08965356427842
-1.15610975814407
-0.931274514718731
-0.365686395341378
0.840439373614775
1.61941303118055
0.933415759125303
-0.212759049272274
-0.999213988284478
-1.11657553423425
-0.854171948688958
-0.145172825589042
1.02941398434513
1.52034881787214
0.691456262368472
-0.399538103491318
-1.05335743110533
-1.07349820835204
-0.688923553204473
0.215579392471756
1.38376201452902
1.4713029104936
0.202004904549156
-0.846258485122435
-1.20058126544931
-1.00648246797142
-0.421533273987815
0.710027251561517
1.76677416383727
1.10366497317598
-0.414776215881187
-1.1769688970102
-1.24915973572701
-0.855018783021352
-0.014904433974637
1.3637937113882
1.87386055404268
0.336010958387162
-0.891635560883669
-1.28183226814293
-1.15538554442933
-0.583237910009396
0.58219437806033
1.99871359529858
1.31891696843607
-0.379573204319466
-1.11027056900196
-1.25169237800095
-0.978812289452588
-0.183574630172437
1.34910347781145
2.13776648678605
0.411025547366996
-0.786177479720434
-1.15931277379948
-1.15084264025305
-0.743882110943172
0.363212633194314
2.0651159143903
1.60758259183779
-0.286117008644724
-0.985006502956752
-1.1520231861508
-1.02741927500438
-0.442306195947171
1.05375598633989
2.37853276197878
0.767965949584018
-0.65794303659585
-1.05594912545349
-1.11538234377881
-0.897387769149969
-0.0567221371699308
1.76536446558016
2.16217831735643
0.0465568430876306
-0.872545394282907
-1.09107571541507
-1.07137899166106
-0.745580530154183
0.408959956130789
2.30898106345375
1.63197379002073
-0.404471932752288
-1.00905273529805
-1.12224632686312
-1.03582153894878
-0.571369417834131
0.902580038298182
2.56192100397269
1.05872343650837
-0.647868633577991
-1.0694924411013
-1.1346588675992
-1.0058107246125
-0.403112460391979
1.34748122499241
2.59971914907585
0.588497899340458
-0.808116193329093
-1.10420132249391
-1.13509319423938
-0.984835778904329
-0.290631866341699
1.65151721818079
2.63246865853325
0.303045310183918
-0.923892589686821
-1.15026230887987
-1.1425777928928
-0.982897067620036
-0.294364280089066
1.69618014175256
2.78047685988559
0.291437359675912
-0.947684089895398
-1.17742163568175
-1.15763664984042
-1.01351849515796
-0.466957933695654
1.35438005768844
2.92876474629061
0.676842995385767
