-0.757716108607819
0.337420993242488
2.55793284234062
1.14409862866565
-0.579201692741938
-1.00247009631797
-1.05879345414057
-0.996159174867977
-0.570108004732958
1.12022065310002
2.8049184975395
0.433692369626747
-0.753222191153392
-1.00480994703815
-1.01773320992773
-0.86387422770496
-0.087544681371269
2.12134838725427
1.85087442524459
-0.295829658580568
-0.925812644850171
-1.03988709697122
-1.01282105031018
-0.714543109691141
0.603731525362446
2.79783592820435
0.859276853444037
-0.668369136134464
-1.02029251413253
-1.05523160564167
-0.978664132855296
-0.481684976430251
1.39308476711318
2.7300915045334
0.229297233473201
-0.798734265877052
-1.01636098756739
-1.01804978440319
-0.844774651582957
0.0237051347109909
2.33021523059677
1.6399813386725
-0.411740100432281
-0.972019155088532
-1.05953795104675
-1.03547174556496
-0.740218786781635
0.619628887847759
2.939552957512
0.855592291566684
-0.7076036300257
-1.03944453676588
-1.07900684255769
-1.02103943477276
-0.595854906458531
1.17614737519474
3.04539249732838
0.378973690221355
-0.807271843849509
-1.04653553907927
-1.06116679238207
-0.955064282745246
-0.338178580847135
1.81731995607709
2.49518262694224
-0.0702002559920544
-0.883131085177413
-1.04991669799876
-1.04355025037321
-0.853055626795687
0.114604601340978
2.57523512280813
1.48713908159653
-0.505931411739074
-1.01208131973133
-1.07593141723928
-1.0562343929081
-0.774109525059896
0.588222275537328
3.07756147828509
0.901000513480268
-0.727855723933483
-1.05244471426781
-1.09603357059779
-1.05674089860511
-0.711911569068524
0.886215093257541
3.28038758355216
0.590592005635182
-0.815534450632197
-1.07534836278407
-1.10486781458717
-1.0562273548758
-0.691832695647219
0.980751971389581
3.3257856956141
0.48799007652184
-0.842569881629274
-1.08361895213134
-1.10569238370202
-1.05013788853705
-0.672172876147955
1.03152279188813
3.29085307410532
0.444342203983753
-0.839206647717256
-1.07728192678422
-1.09228220768031
-1.02032644530463
-0.579476723989225
1.25780514099978
3.09512611347923
0.274800875671423
-0.839329225419153
-1.06532700096737
-1.06530500458243
-0.954215310804994
-0.339614957607078
1.81031545814594
2.49741784522205
-0.0653625383688373
-0.87508605126972
-1.04222374103108
-1.02622198497708
-0.816465024665319
0.19644723485951
2.59334134778879
1.34821590422297
-0.530871905876766
-1.00814535768303
-1.06420112688354
-1.02759998014121
-0.689296238275937
0.812851156355233
3.00346244118466
0.688431372292322
-0.736173425637413
-1.02976280876392
-1.05925035021271
-0.97623348083399
-0.454403793960353
1.50467893255961
2.74373804019791
0.133172151666879
-0.831445818187419
-1.03904999499987
-1.03704893747285
-0.875744897049027
-0.035095161593007
2.3283724135984
1.76417609399499
-0.382366433596982
-0.970494214921717
-1.0604870026787
-1.04292281971305
-0.772838329256633
0.51425461348004
2.93954270722216
0.965593542416484
-0.686705191951159
-1.04383182272008
-1.08546871899557
-1.04294719132632
-0.675932057474497
0.962636889599339
3.18030897604079
0.544765684155191
-0.800161302072213
-1.05830380954928
-1.0844804842096
-1.0152460096538
-0.552413542294478
1.34103333850271
3.04567515553497
0.22889590194259
-0.847910034455807
-1.06795094550185
-1.07364233083531
-0.968970637564942
-0.353994053043866
1.83707861351957
2.55901144383289
-0.0658719265484954
-0.88455717887242
-1.05080853324149
-1.04351679106355
-0.857760920008997
0.0912897465726547
2.55503694880347
1.53163934096301
-0.488714016343893
-1.00521962368515
-1.07154109103609
-1.05168916796848
-0.770125448715538
0.584041473596099
3.05510719022314
0.903529905880525
-0.719817343278264
-1.04976098262993
